Data format is valid, no errors or warnings.
Number of sessions: 89
Total number of trials: 37728
Number of trials per session: [499, 431, 518, 454, 629, 511, 203, 249, 291, 235, 294, 457, 450, 400, 405, 489, 417, 335, 424, 133, 266, 182, 259, 229, 289, 452, 449, 195, 297, 422, 402, 457, 428, 413, 78, 316, 368, 261, 402, 568, 559, 379, 425, 452, 470, 502, 664, 783, 531, 343, 464, 453, 520, 658, 722, 572, 495, 500, 361, 367, 391, 234, 301, 484, 471, 479, 407, 454, 435, 460, 389, 400, 221, 384, 402, 396, 281, 604, 633, 597, 448, 360, 343, 470, 719, 506, 680, 503, 499]
Number of subjects: 19
Number of brain regions: 4
Number of sessions per subject:
  Subject DR10: 6 sessions
  Subject DR15: 5 sessions
  Subject LZ13: 4 sessions
  Subject LZ16: 4 sessions
  Subject TX104: 2 sessions
  Subject TX105: 5 sessions
  Subject TX108: 7 sessions
  Subject TX109: 6 sessions
  Subject TX119: 8 sessions
  Subject TX123: 8 sessions
  Subject TX124: 3 sessions
  Subject TX139: 2 sessions
  Subject TX140: 1 sessions
  Subject TX60: 5 sessions
  Subject TX61: 5 sessions
  Subject TX83: 3 sessions
  Subject TX85: 2 sessions
  Subject TX88: 6 sessions
  Subject VR2: 7 sessions
Input dimension: 4
Output dimension: 4
Summary statistics (across all sessions):
  T: mean: 32.63, median: 31.04, min: 11, max: 238
  n_neurons: mean: 46128.01', min: 17363, max: 78815
  Input range:
    time_to_sound_cue: [-72.2, 73.4]
    day_of_training: [0.0, 7.0]
    time_since_trial_start: [0.0, 74.8]
    reward_availability: [0.0, 1.0]
  Output range:
    visual_stimulus: [0.0, 3.0]
    licking: [0.0, 1.0]
    position: [0.0, 3.0]
    running_speed: [0.0, 3.0]
  Unique outputs per dimension (fraction of data):
    visual_stimulus: {circle (0.312), leaf (0.481), rock (0.082), wood (0.125)}
    licking: {no lick (0.959), lick (0.041)}
    position: {0-1 m (0.254), 1-2 m (0.242), 2-3 m (0.247), 3-4 m (0.257)}
    running_speed: {lowest (0.250), low (0.250), high (0.250), highest (0.250)}
  Brain region distribution:
    V1: 1833035 neurons
    mHV: 1108860 neurons
    lHV: 495318 neurons
    aHV: 668180 neurons

Per-session statistics:
  Mean T: 35.8, 34.8, 31.1, 30.9, 31.8, 32.9, 43.4, 47.5, 33.8, 49.5, 51.4, 24.7, 26.1, 29.2, 27.1, 32.3, 25.1, 27.6, 25.5, 41.4, 37.1, 41.9, 43.0, 48.1, 41.1, 38.1, 29.7, 51.9, 38.4, 40.1, 30.3, 30.4, 29.2, 38.5, 72.9, 36.5, 30.4, 28.5, 31.1, 22.0, 26.5, 26.0, 24.5, 22.4, 20.7, 24.7, 27.3, 24.0, 28.3, 29.0, 31.4, 27.5, 21.3, 18.0, 19.9, 19.1, 19.2, 21.1, 31.0, 34.8, 34.3, 35.8, 32.0, 30.2, 27.4, 27.6, 42.2, 28.4, 31.1, 38.0, 35.9, 31.0, 43.5, 37.8, 35.9, 44.8, 46.3, 30.2, 31.7, 31.1, 37.6, 38.5, 39.0, 27.3, 26.0, 25.4, 25.8, 26.6, 24.7
  Min T: 12, 20, 20, 20, 20, 20, 20, 21, 20, 21, 21, 20, 19, 20, 20, 20, 19, 20, 19, 21, 20, 20, 20, 21, 21, 20, 20, 22, 20, 21, 20, 20, 20, 20, 27, 20, 20, 21, 21, 15, 15, 18, 15, 15, 15, 16, 16, 15, 15, 15, 16, 15, 15, 15, 15, 15, 15, 15, 20, 20, 20, 12, 11, 20, 20, 20, 20, 20, 20, 20, 20, 20, 20, 20, 20, 20, 20, 20, 20, 20, 20, 20, 15, 14, 14, 14, 14, 14, 13
  Max T: 236, 159, 176, 197, 116, 173, 219, 233, 196, 193, 237, 162, 179, 173, 118, 186, 101, 224, 129, 176, 174, 189, 222, 230, 204, 228, 233, 225, 165, 155, 89, 191, 159, 215, 192, 200, 128, 218, 128, 235, 235, 237, 207, 127, 179, 138, 224, 163, 180, 158, 227, 203, 84, 83, 171, 156, 155, 212, 204, 217, 229, 215, 212, 153, 103, 156, 164, 111, 157, 222, 222, 138, 231, 159, 221, 217, 212, 221, 188, 230, 238, 188, 218, 71, 105, 178, 94, 182, 80
  n_neurons: 52246, 49472, 44926, 44464, 49931, 42973, 53588, 56607, 61475, 55588, 57220, 30385, 29973, 32956, 33726, 32128, 30469, 34307, 33838, 42795, 41503, 56521, 53233, 58512, 43430, 52567, 63981, 78815, 69080, 72944, 61781, 69762, 59964, 65651, 50153, 68776, 64419, 56487, 61668, 25971, 30803, 28412, 32855, 24452, 26572, 29357, 32090, 43776, 39418, 24739, 36174, 26615, 25767, 22808, 27277, 20995, 17363, 19313, 27160, 25719, 44895, 44919, 51339, 46218, 55513, 47246, 57534, 56265, 64261, 57496, 64969, 32387, 41367, 38809, 52780, 48822, 53710, 42145, 50141, 46452, 53178, 48239, 64112, 55794, 65842, 55525, 57304, 43303, 58878
  Input range:
    0: [-66.9, 60.3] [-29.3, 46.8] [-51.3, 38.7] [-37.5, 36.7] [-20.9, 34.7] [-29.2, 35.0] [-61.7, 46.5] [-69.5, 67.0] [-38.5, 55.4] [-58.1, 55.1] [-56.1, 67.9] [-49.3, 41.9] [-53.4, 32.6] [-52.4, 42.9] [-28.6, 33.0] [-47.9, 55.2] [-18.6, 27.9] [-69.5, 14.7] [-36.7, 21.9] [-46.2, 40.1] [-53.8, 48.2] [-57.9, 50.1] [-45.3, 41.3] [-58.2, 70.5] [-31.0, 61.8] [-67.7, 66.2] [-72.2, 50.4] [-68.0, 66.5] [-29.4, 41.4] [-36.1, 46.6] [-21.6, 15.7] [-59.2, 19.8] [-36.3, 13.4] [-58.3, 65.5] [-51.0, 38.7] [-60.8, 26.9] [-30.4, 39.4] [-29.3, 64.6] [-38.1, 23.2] [-71.8, 30.2] [-33.0, 71.4] [-38.9, 73.4] [-25.2, 60.2] [-37.5, 35.2] [-51.2, 49.9] [-40.3, 40.0] [-66.5, 68.9] [-33.9, 43.7] [-39.2, 55.8] [-47.5, 49.0] [-69.3, 61.4] [-60.8, 33.5] [-10.8, 25.6] [-16.4, 25.0] [-8.2, 53.0] [-42.0, 24.6] [-34.8, 46.5] [-64.4, 52.7] [-61.5, 52.5] [-65.5, 56.2] [-46.1, 65.2] [-38.3, 67.1] [-25.2, 64.5] [-45.9, 30.0] [-17.9, 29.3] [-33.5, 44.9] [-38.2, 50.2] [-19.9, 24.8] [-21.2, 39.8] [-46.4, 65.0] [-27.4, 62.3] [-29.7, 39.1] [-35.6, 69.9] [-30.4, 49.0] [-49.0, 65.4] [-37.7, 64.0] [-59.5, 64.7] [-30.3, 68.7] [-40.1, 57.9] [-48.4, 54.1] [-68.8, 51.4] [-57.6, 48.9] [-61.8, 66.2] [-19.4, 15.1] [-23.0, 28.5] [-25.6, 35.2] [-22.8, 27.4] [-55.5, 24.9] [-19.3, 17.6] 
    1: [0.0, 0.0] [1.0, 1.0] [2.0, 2.0] [3.0, 3.0] [4.0, 4.0] [5.0, 5.0] [0.0, 0.0] [1.0, 1.0] [2.0, 2.0] [3.0, 3.0] [4.0, 4.0] [0.0, 0.0] [1.0, 1.0] [2.0, 2.0] [3.0, 3.0] [0.0, 0.0] [1.0, 1.0] [2.0, 2.0] [3.0, 3.0] [0.0, 0.0] [1.0, 1.0] [0.0, 0.0] [1.0, 1.0] [2.0, 2.0] [3.0, 3.0] [4.0, 4.0] [0.0, 0.0] [1.0, 1.0] [2.0, 2.0] [3.0, 3.0] [4.0, 4.0] [5.0, 5.0] [6.0, 6.0] [0.0, 0.0] [1.0, 1.0] [2.0, 2.0] [3.0, 3.0] [4.0, 4.0] [5.0, 5.0] [0.0, 0.0] [1.0, 1.0] [2.0, 2.0] [3.0, 3.0] [4.0, 4.0] [5.0, 5.0] [6.0, 6.0] [7.0, 7.0] [0.0, 0.0] [1.0, 1.0] [2.0, 2.0] [3.0, 3.0] [4.0, 4.0] [5.0, 5.0] [6.0, 6.0] [7.0, 7.0] [0.0, 0.0] [1.0, 1.0] [2.0, 2.0] [0.0, 0.0] [1.0, 1.0] [0.0, 0.0] [0.0, 0.0] [1.0, 1.0] [2.0, 2.0] [3.0, 3.0] [4.0, 4.0] [0.0, 0.0] [1.0, 1.0] [2.0, 2.0] [3.0, 3.0] [4.0, 4.0] [0.0, 0.0] [1.0, 1.0] [2.0, 2.0] [0.0, 0.0] [1.0, 1.0] [0.0, 0.0] [1.0, 1.0] [2.0, 2.0] [3.0, 3.0] [4.0, 4.0] [5.0, 5.0] [0.0, 0.0] [1.0, 1.0] [2.0, 2.0] [3.0, 3.0] [4.0, 4.0] [5.0, 5.0] [6.0, 6.0] 
    2: [0.0, 74.1] [0.0, 50.0] [0.0, 55.1] [0.0, 61.8] [0.0, 36.4] [0.0, 54.4] [0.0, 68.7] [0.0, 73.3] [0.0, 61.5] [0.0, 60.5] [0.0, 74.3] [0.0, 50.9] [0.0, 56.4] [0.0, 54.3] [0.0, 37.1] [0.0, 58.6] [0.0, 31.5] [0.0, 70.6] [0.0, 40.4] [0.0, 55.3] [0.0, 54.8] [0.0, 59.3] [0.0, 69.9] [0.0, 72.3] [0.0, 64.1] [0.0, 71.7] [0.0, 73.1] [0.0, 70.7] [0.0, 51.8] [0.0, 48.7] [0.0, 28.0] [0.0, 60.0] [0.0, 50.0] [0.0, 67.6] [0.0, 60.4] [0.0, 62.8] [0.0, 40.2] [0.0, 68.6] [0.0, 40.3] [0.0, 73.9] [0.0, 74.0] [0.0, 74.6] [0.0, 65.2] [0.0, 40.0] [0.0, 56.3] [0.0, 43.3] [0.0, 70.5] [0.0, 51.1] [0.0, 56.6] [0.0, 49.8] [0.0, 71.4] [0.0, 63.8] [0.0, 26.3] [0.0, 25.8] [0.0, 53.7] [0.0, 49.1] [0.0, 48.6] [0.0, 66.8] [0.0, 64.1] [0.0, 68.3] [0.0, 71.9] [0.0, 67.6] [0.0, 66.5] [0.0, 48.1] [0.0, 32.3] [0.0, 49.1] [0.0, 51.5] [0.0, 34.7] [0.0, 49.4] [0.0, 69.8] [0.0, 69.8] [0.0, 43.4] [0.0, 72.7] [0.0, 50.0] [0.0, 69.3] [0.0, 68.2] [0.0, 66.5] [0.0, 69.5] [0.0, 59.1] [0.0, 72.3] [0.0, 74.8] [0.0, 59.0] [0.0, 68.4] [0.0, 22.3] [0.0, 32.8] [0.0, 55.9] [0.0, 29.4] [0.0, 57.3] [0.0, 25.2] 
    3: [0.0, 0.0] [0.0, 0.0] [0.0, 0.0] [0.0, 0.0] [0.0, 0.0] [0.0, 0.0] [0.0, 0.0] [0.0, 0.0] [0.0, 0.0] [0.0, 0.0] [0.0, 0.0] [0.0, 0.0] [0.0, 0.0] [0.0, 0.0] [0.0, 0.0] [0.0, 0.0] [0.0, 0.0] [0.0, 0.0] [0.0, 0.0] [0.0, 0.0] [0.0, 0.0] [0.0, 0.0] [0.0, 0.0] [0.0, 0.0] [0.0, 0.0] [0.0, 0.0] [0.0, 0.0] [0.0, 1.0] [0.0, 1.0] [0.0, 1.0] [0.0, 1.0] [0.0, 1.0] [0.0, 1.0] [0.0, 0.0] [0.0, 1.0] [0.0, 1.0] [0.0, 1.0] [0.0, 1.0] [0.0, 1.0] [0.0, 0.0] [0.0, 0.0] [0.0, 0.0] [0.0, 0.0] [0.0, 0.0] [0.0, 0.0] [0.0, 0.0] [0.0, 0.0] [0.0, 0.0] [0.0, 0.0] [0.0, 0.0] [0.0, 0.0] [0.0, 0.0] [0.0, 0.0] [0.0, 0.0] [0.0, 0.0] [0.0, 0.0] [0.0, 0.0] [0.0, 0.0] [0.0, 0.0] [0.0, 0.0] [0.0, 0.0] [0.0, 1.0] [0.0, 1.0] [0.0, 1.0] [0.0, 1.0] [0.0, 1.0] [0.0, 1.0] [0.0, 1.0] [0.0, 1.0] [0.0, 1.0] [0.0, 1.0] [0.0, 0.0] [0.0, 0.0] [0.0, 0.0] [0.0, 0.0] [0.0, 0.0] [0.0, 0.0] [0.0, 0.0] [0.0, 0.0] [0.0, 0.0] [0.0, 0.0] [0.0, 0.0] [0.0, 1.0] [0.0, 1.0] [0.0, 1.0] [0.0, 1.0] [0.0, 1.0] [0.0, 1.0] [0.0, 1.0] 
  Output range:
    0: [0.0, 1.0] [0.0, 1.0] [0.0, 1.0] [0.0, 1.0] [0.0, 1.0] [0.0, 1.0] [0.0, 1.0] [0.0, 1.0] [0.0, 1.0] [0.0, 1.0] [0.0, 1.0] [0.0, 1.0] [2.0, 3.0] [0.0, 1.0] [2.0, 3.0] [0.0, 1.0] [2.0, 3.0] [0.0, 1.0] [2.0, 3.0] [1.0, 2.0] [1.0, 2.0] [0.0, 1.0] [0.0, 1.0] [0.0, 1.0] [0.0, 1.0] [0.0, 1.0] [0.0, 1.0] [2.0, 3.0] [2.0, 3.0] [2.0, 3.0] [2.0, 3.0] [2.0, 3.0] [2.0, 3.0] [0.0, 1.0] [0.0, 1.0] [0.0, 1.0] [0.0, 1.0] [0.0, 1.0] [0.0, 1.0] [2.0, 3.0] [0.0, 1.0] [2.0, 3.0] [2.0, 3.0] [2.0, 3.0] [2.0, 3.0] [2.0, 3.0] [2.0, 3.0] [0.0, 1.0] [2.0, 3.0] [0.0, 1.0] [0.0, 1.0] [0.0, 1.0] [0.0, 1.0] [0.0, 1.0] [0.0, 1.0] [0.0, 1.0] [0.0, 1.0] [2.0, 3.0] [0.0, 1.0] [0.0, 1.0] [0.0, 1.0] [0.0, 1.0] [0.0, 1.0] [0.0, 1.0] [0.0, 1.0] [0.0, 1.0] [0.0, 1.0] [0.0, 1.0] [0.0, 1.0] [0.0, 1.0] [0.0, 1.0] [0.0, 1.0] [0.0, 1.0] [0.0, 1.0] [0.0, 1.0] [0.0, 1.0] [0.0, 1.0] [0.0, 1.0] [0.0, 2.0] [0.0, 1.0] [0.0, 1.0] [0.0, 1.0] [0.0, 1.0] [0.0, 1.0] [0.0, 1.0] [0.0, 1.0] [0.0, 1.0] [0.0, 1.0] [0.0, 1.0] 
    1: [0.0, 0.0] [0.0, 0.0] [0.0, 0.0] [0.0, 0.0] [0.0, 0.0] [0.0, 0.0] [0.0, 0.0] [0.0, 0.0] [0.0, 0.0] [0.0, 0.0] [0.0, 0.0] [0.0, 0.0] [0.0, 0.0] [0.0, 0.0] [0.0, 0.0] [0.0, 0.0] [0.0, 0.0] [0.0, 0.0] [0.0, 0.0] [0.0, 0.0] [0.0, 0.0] [0.0, 0.0] [0.0, 0.0] [0.0, 0.0] [0.0, 0.0] [0.0, 0.0] [0.0, 0.0] [0.0, 1.0] [0.0, 1.0] [0.0, 1.0] [0.0, 1.0] [0.0, 1.0] [0.0, 1.0] [0.0, 0.0] [0.0, 1.0] [0.0, 1.0] [0.0, 1.0] [0.0, 1.0] [0.0, 1.0] [0.0, 0.0] [0.0, 0.0] [0.0, 0.0] [0.0, 0.0] [0.0, 0.0] [0.0, 0.0] [0.0, 0.0] [0.0, 0.0] [0.0, 0.0] [0.0, 0.0] [0.0, 0.0] [0.0, 0.0] [0.0, 0.0] [0.0, 0.0] [0.0, 0.0] [0.0, 0.0] [0.0, 0.0] [0.0, 0.0] [0.0, 0.0] [0.0, 0.0] [0.0, 0.0] [0.0, 0.0] [0.0, 1.0] [0.0, 1.0] [0.0, 1.0] [0.0, 1.0] [0.0, 1.0] [0.0, 1.0] [0.0, 1.0] [0.0, 1.0] [0.0, 1.0] [0.0, 1.0] [0.0, 0.0] [0.0, 0.0] [0.0, 0.0] [0.0, 0.0] [0.0, 0.0] [0.0, 0.0] [0.0, 0.0] [0.0, 0.0] [0.0, 0.0] [0.0, 0.0] [0.0, 0.0] [0.0, 1.0] [0.0, 1.0] [0.0, 1.0] [0.0, 1.0] [0.0, 1.0] [0.0, 1.0] [0.0, 1.0] 
    2: [0.0, 3.0] [0.0, 3.0] [0.0, 3.0] [0.0, 3.0] [0.0, 3.0] [0.0, 3.0] [0.0, 3.0] [0.0, 3.0] [0.0, 3.0] [0.0, 3.0] [0.0, 3.0] [0.0, 3.0] [0.0, 3.0] [0.0, 3.0] [0.0, 3.0] [0.0, 3.0] [0.0, 3.0] [0.0, 3.0] [0.0, 3.0] [0.0, 3.0] [0.0, 3.0] [0.0, 3.0] [0.0, 3.0] [0.0, 3.0] [0.0, 3.0] [0.0, 3.0] [0.0, 3.0] [0.0, 3.0] [0.0, 3.0] [0.0, 3.0] [0.0, 3.0] [0.0, 3.0] [0.0, 3.0] [0.0, 3.0] [0.0, 3.0] [0.0, 3.0] [0.0, 3.0] [0.0, 3.0] [0.0, 3.0] [0.0, 3.0] [0.0, 3.0] [0.0, 3.0] [0.0, 3.0] [0.0, 3.0] [0.0, 3.0] [0.0, 3.0] [0.0, 3.0] [0.0, 3.0] [0.0, 3.0] [0.0, 3.0] [0.0, 3.0] [0.0, 3.0] [0.0, 3.0] [0.0, 3.0] [0.0, 3.0] [0.0, 3.0] [0.0, 3.0] [0.0, 3.0] [0.0, 3.0] [0.0, 3.0] [0.0, 3.0] [0.0, 3.0] [0.0, 3.0] [0.0, 3.0] [0.0, 3.0] [0.0, 3.0] [0.0, 3.0] [0.0, 3.0] [0.0, 3.0] [0.0, 3.0] [0.0, 3.0] [0.0, 3.0] [0.0, 3.0] [0.0, 3.0] [0.0, 3.0] [0.0, 3.0] [0.0, 3.0] [0.0, 3.0] [0.0, 3.0] [0.0, 3.0] [0.0, 3.0] [0.0, 3.0] [0.0, 3.0] [0.0, 3.0] [0.0, 3.0] [0.0, 3.0] [0.0, 3.0] [0.0, 3.0] [0.0, 3.0] 
    3: [0.0, 3.0] [0.0, 3.0] [0.0, 3.0] [0.0, 3.0] [0.0, 3.0] [0.0, 3.0] [0.0, 3.0] [0.0, 3.0] [0.0, 3.0] [0.0, 3.0] [0.0, 3.0] [0.0, 3.0] [0.0, 3.0] [0.0, 3.0] [0.0, 3.0] [0.0, 3.0] [0.0, 3.0] [0.0, 3.0] [0.0, 3.0] [0.0, 3.0] [0.0, 3.0] [0.0, 3.0] [0.0, 3.0] [0.0, 3.0] [0.0, 3.0] [0.0, 3.0] [0.0, 3.0] [0.0, 3.0] [0.0, 3.0] [0.0, 3.0] [0.0, 3.0] [0.0, 3.0] [0.0, 3.0] [0.0, 3.0] [0.0, 3.0] [0.0, 3.0] [0.0, 3.0] [0.0, 3.0] [0.0, 3.0] [0.0, 3.0] [0.0, 3.0] [0.0, 3.0] [0.0, 3.0] [0.0, 3.0] [0.0, 3.0] [0.0, 3.0] [0.0, 3.0] [0.0, 3.0] [0.0, 3.0] [0.0, 3.0] [0.0, 3.0] [0.0, 3.0] [0.0, 3.0] [0.0, 3.0] [0.0, 3.0] [0.0, 3.0] [0.0, 3.0] [0.0, 3.0] [0.0, 3.0] [0.0, 3.0] [0.0, 3.0] [0.0, 3.0] [0.0, 3.0] [0.0, 3.0] [0.0, 3.0] [0.0, 3.0] [0.0, 3.0] [0.0, 3.0] [0.0, 3.0] [0.0, 3.0] [0.0, 3.0] [0.0, 3.0] [0.0, 3.0] [0.0, 3.0] [0.0, 3.0] [0.0, 3.0] [0.0, 3.0] [0.0, 3.0] [0.0, 3.0] [0.0, 3.0] [0.0, 3.0] [0.0, 3.0] [0.0, 3.0] [0.0, 3.0] [0.0, 3.0] [0.0, 3.0] [0.0, 3.0] [0.0, 3.0] [0.0, 3.0] 
  Output fraction of data:
visual_stimulus: (0.498 0.509 0.471 0.318 0.247 0.196 0.494 0.432 0.468 0.355 0.244 0.412 0.000 0.413 0.000 0.485 0.000 0.495 0.000 0.000 0.000 0.450 0.484 0.572 0.315 0.191 0.524 0.000 0.000 0.000 0.000 0.000 0.000 0.498 0.609 0.525 0.588 0.622 0.723 0.000 0.192 0.000 0.000 0.000 0.000 0.000 0.000 0.405 0.000 0.473 0.470 0.448 0.291 0.235 0.200 0.480 0.213 0.000 0.388 0.317 0.390 0.535 0.433 0.445 0.373 0.308 0.563 0.363 0.274 0.276 0.318 0.519 0.481 0.414 0.507 0.544 0.514 0.544 0.452 0.306 0.258 0.238 0.422 0.388 0.484 0.342 0.190 0.177 0.141)  0.502 0.491 0.529 0.682 0.753 0.804 0.506 0.568 0.532 0.645 0.756 0.588 0.000 0.587 0.000 0.515 0.000 0.505 0.000 0.504 0.534 0.550 0.516 0.428 0.685 0.809 0.476 0.000 0.000 0.000 0.000 0.000 0.000 0.502 0.391 0.475 0.412 0.378 0.277 0.000 0.808 0.000 0.000 0.000 0.000 0.000 0.000 0.595 0.000 0.527 0.530 0.552 0.709 0.765 0.800 0.520 0.787 0.000 0.612 0.683 0.610 0.465 0.567 0.555 0.627 0.692 0.437 0.637 0.726 0.724 0.682 0.481 0.519 0.586 0.493 0.456 0.486 0.456 0.434 0.694 0.742 0.762 0.578 0.612 0.516 0.658 0.810 0.823 0.859)  0.000 0.000 0.000 0.000 0.000 0.000 0.000 0.000 0.000 0.000 0.000 0.000 0.391 0.000 0.369 0.000 0.434 0.000 0.400 0.496 0.466 0.000 0.000 0.000 0.000 0.000 0.000 0.472 0.498 0.508 0.337 0.235 0.224 0.000 0.000 0.000 0.000 0.000 0.000 0.406 0.000 0.497 0.571 0.545 0.351 0.305 0.238 0.000 0.208 0.000 0.000 0.000 0.000 0.000 0.000 0.000 0.000 0.209 0.000 0.000 0.000 0.000 0.000 0.000 0.000 0.000 0.000 0.000 0.000 0.000 0.000 0.000 0.000 0.000 0.000 0.000 0.000 0.000 0.113 0.000 0.000 0.000 0.000 0.000 0.000 0.000 0.000 0.000 0.000)  0.000 0.000 0.000 0.000 0.000 0.000 0.000 0.000 0.000 0.000 0.000 0.000 0.609 0.000 0.631 0.000 0.566 0.000 0.600 0.000 0.000 0.000 0.000 0.000 0.000 0.000 0.000 0.528 0.502 0.492 0.663 0.765 0.776 0.000 0.000 0.000 0.000 0.000 0.000 0.594 0.000 0.503 0.429 0.455 0.649 0.695 0.762 0.000 0.792 0.000 0.000 0.000 0.000 0.000 0.000 0.000 0.000 0.791 0.000 0.000 0.000 0.000 0.000 0.000 0.000 0.000 0.000 0.000 0.000 0.000 0.000 0.000 0.000 0.000 0.000 0.000 0.000 0.000 0.000 0.000 0.000 0.000 0.000 0.000 0.000 0.000 0.000 0.000 0.000)  
licking: (1.000 1.000 1.000 1.000 1.000 1.000 1.000 1.000 1.000 1.000 1.000 1.000 1.000 1.000 1.000 1.000 1.000 1.000 1.000 1.000 1.000 1.000 1.000 1.000 1.000 1.000 1.000 0.717 0.803 0.897 0.859 0.840 0.864 1.000 0.797 0.742 0.719 0.881 0.897 1.000 1.000 1.000 1.000 1.000 1.000 1.000 1.000 1.000 1.000 1.000 1.000 1.000 1.000 1.000 1.000 1.000 1.000 1.000 1.000 1.000 1.000 0.905 0.864 0.830 0.907 0.870 0.900 0.871 0.825 0.873 0.911 1.000 1.000 1.000 1.000 1.000 1.000 1.000 1.000 1.000 1.000 1.000 0.945 0.903 0.913 0.905 0.928 0.882 0.874)  0.000 0.000 0.000 0.000 0.000 0.000 0.000 0.000 0.000 0.000 0.000 0.000 0.000 0.000 0.000 0.000 0.000 0.000 0.000 0.000 0.000 0.000 0.000 0.000 0.000 0.000 0.000 0.283 0.197 0.103 0.141 0.160 0.136 0.000 0.203 0.258 0.281 0.119 0.103 0.000 0.000 0.000 0.000 0.000 0.000 0.000 0.000 0.000 0.000 0.000 0.000 0.000 0.000 0.000 0.000 0.000 0.000 0.000 0.000 0.000 0.000 0.095 0.136 0.170 0.093 0.130 0.100 0.129 0.175 0.127 0.089 0.000 0.000 0.000 0.000 0.000 0.000 0.000 0.000 0.000 0.000 0.000 0.055 0.097 0.087 0.095 0.072 0.118 0.126)  
position: (0.249 0.262 0.269 0.258 0.282 0.254 0.311 0.265 0.297 0.209 0.277 0.273 0.278 0.233 0.240 0.286 0.254 0.248 0.258 0.253 0.224 0.200 0.287 0.359 0.395 0.318 0.219 0.289 0.217 0.179 0.208 0.188 0.211 0.251 0.246 0.170 0.197 0.237 0.192 0.240 0.244 0.228 0.217 0.256 0.235 0.246 0.230 0.304 0.199 0.194 0.211 0.223 0.234 0.250 0.275 0.248 0.258 0.224 0.290 0.311 0.289 0.203 0.253 0.251 0.246 0.244 0.287 0.240 0.215 0.286 0.265 0.277 0.347 0.327 0.249 0.294 0.283 0.299 0.296 0.269 0.230 0.269 0.245 0.193 0.230 0.244 0.240 0.214 0.215)  0.225 0.238 0.242 0.256 0.262 0.275 0.288 0.249 0.233 0.288 0.248 0.233 0.255 0.212 0.212 0.244 0.242 0.198 0.220 0.251 0.253 0.265 0.272 0.292 0.221 0.209 0.275 0.258 0.258 0.221 0.240 0.243 0.252 0.267 0.247 0.229 0.261 0.210 0.201 0.225 0.220 0.257 0.273 0.250 0.232 0.260 0.242 0.237 0.189 0.244 0.155 0.183 0.254 0.252 0.276 0.234 0.256 0.249 0.246 0.248 0.266 0.278 0.219 0.214 0.209 0.210 0.247 0.213 0.238 0.227 0.253 0.245 0.259 0.261 0.274 0.219 0.268 0.283 0.230 0.228 0.230 0.268 0.234 0.275 0.255 0.260 0.213 0.228 0.252)  0.240 0.251 0.261 0.247 0.243 0.244 0.222 0.273 0.225 0.258 0.265 0.250 0.229 0.202 0.210 0.250 0.257 0.201 0.225 0.274 0.234 0.267 0.229 0.195 0.189 0.218 0.224 0.248 0.261 0.246 0.279 0.283 0.282 0.228 0.272 0.249 0.241 0.227 0.221 0.246 0.246 0.233 0.302 0.255 0.240 0.254 0.275 0.215 0.238 0.259 0.256 0.232 0.236 0.263 0.237 0.261 0.240 0.239 0.250 0.204 0.236 0.282 0.290 0.273 0.245 0.249 0.240 0.295 0.278 0.250 0.245 0.239 0.192 0.217 0.252 0.233 0.272 0.234 0.240 0.235 0.255 0.253 0.231 0.324 0.256 0.251 0.272 0.299 0.286)  0.286 0.248 0.228 0.239 0.213 0.226 0.178 0.213 0.245 0.244 0.211 0.244 0.238 0.352 0.339 0.220 0.246 0.354 0.297 0.222 0.289 0.269 0.212 0.154 0.196 0.254 0.283 0.204 0.264 0.354 0.273 0.286 0.254 0.253 0.235 0.352 0.301 0.326 0.385 0.289 0.289 0.283 0.207 0.238 0.293 0.240 0.253 0.244 0.374 0.303 0.378 0.362 0.276 0.235 0.212 0.257 0.247 0.288 0.213 0.237 0.209 0.236 0.238 0.263 0.300 0.298 0.226 0.252 0.269 0.237 0.236 0.239 0.202 0.195 0.225 0.254 0.177 0.184 0.234 0.268 0.285 0.210 0.290 0.208 0.259 0.244 0.275 0.259 0.247)  
running_speed: (0.250 0.250 0.250 0.250 0.250 0.250 0.250 0.250 0.250 0.250 0.250 0.250 0.250 0.250 0.250 0.250 0.250 0.250 0.250 0.250 0.250 0.250 0.250 0.250 0.250 0.250 0.250 0.250 0.250 0.250 0.250 0.250 0.250 0.250 0.250 0.250 0.250 0.250 0.250 0.250 0.250 0.250 0.250 0.250 0.250 0.250 0.250 0.250 0.250 0.250 0.250 0.250 0.250 0.250 0.250 0.250 0.250 0.250 0.250 0.250 0.250 0.250 0.250 0.250 0.250 0.250 0.250 0.250 0.250 0.250 0.250 0.250 0.250 0.250 0.250 0.250 0.250 0.250 0.250 0.250 0.250 0.250 0.250 0.250 0.250 0.250 0.250 0.250 0.250)  0.250 0.250 0.250 0.250 0.250 0.250 0.250 0.250 0.250 0.250 0.250 0.250 0.250 0.250 0.250 0.250 0.250 0.250 0.250 0.250 0.250 0.250 0.250 0.250 0.250 0.250 0.250 0.250 0.250 0.250 0.250 0.250 0.250 0.250 0.250 0.250 0.250 0.250 0.250 0.250 0.250 0.250 0.250 0.250 0.250 0.250 0.250 0.250 0.250 0.250 0.250 0.250 0.250 0.250 0.250 0.250 0.250 0.250 0.250 0.250 0.250 0.250 0.250 0.250 0.250 0.250 0.250 0.250 0.250 0.250 0.250 0.250 0.250 0.250 0.250 0.250 0.250 0.250 0.250 0.250 0.250 0.250 0.250 0.250 0.250 0.250 0.250 0.250 0.250)  0.250 0.250 0.250 0.250 0.250 0.250 0.250 0.250 0.250 0.250 0.250 0.250 0.250 0.250 0.250 0.250 0.250 0.250 0.250 0.250 0.250 0.250 0.250 0.250 0.250 0.250 0.250 0.250 0.250 0.250 0.250 0.250 0.250 0.250 0.250 0.250 0.250 0.250 0.250 0.250 0.250 0.250 0.250 0.250 0.250 0.250 0.250 0.250 0.250 0.250 0.250 0.250 0.250 0.250 0.250 0.250 0.250 0.250 0.250 0.250 0.250 0.250 0.250 0.250 0.250 0.250 0.250 0.250 0.250 0.250 0.250 0.250 0.250 0.250 0.250 0.250 0.250 0.250 0.250 0.250 0.250 0.250 0.250 0.250 0.250 0.250 0.250 0.250 0.250)  0.250 0.250 0.250 0.250 0.250 0.250 0.250 0.250 0.250 0.250 0.250 0.250 0.250 0.250 0.250 0.250 0.250 0.250 0.250 0.250 0.250 0.250 0.250 0.250 0.250 0.250 0.250 0.250 0.250 0.250 0.250 0.250 0.250 0.250 0.250 0.250 0.250 0.250 0.250 0.250 0.250 0.250 0.250 0.250 0.250 0.250 0.250 0.250 0.250 0.250 0.250 0.250 0.250 0.250 0.250 0.250 0.250 0.250 0.250 0.250 0.250 0.250 0.250 0.250 0.250 0.250 0.250 0.250 0.250 0.250 0.250 0.250 0.250 0.250 0.250 0.250 0.250 0.250 0.250 0.250 0.250 0.250 0.250 0.250 0.250 0.250 0.250 0.250 0.250)  
Brain region: V1: 1833035 neurons, mHV: 1108860 neurons, lHV: 495318 neurons, aHV: 668180 neurons  
Training on 30149 trials, testing on 7579 trials
Using device: cuda
Using balanced loss with class weights:
  Output 0: [0.1261385  0.08175394 0.47634238 0.31576517]
  Output 1: [0.04116819 0.9588318 ]
  Output 2: [0.24725845 0.2586532  0.25125313 0.24283521]
  Output 3: [0.24970105 0.24982734 0.25008574 0.25038588]
Session 0: Using random projection to 2000 of 52246 neurons for SVD initialization
Session 1: Using random projection to 2000 of 49472 neurons for SVD initialization
Session 2: Using random projection to 2000 of 44926 neurons for SVD initialization
Session 3: Using random projection to 2000 of 44464 neurons for SVD initialization
Session 4: Using random projection to 2000 of 49931 neurons for SVD initialization
Session 5: Using random projection to 2000 of 42973 neurons for SVD initialization
Session 6: Using random projection to 2000 of 53588 neurons for SVD initialization
Session 7: Using random projection to 2000 of 56607 neurons for SVD initialization
Session 8: Using random projection to 2000 of 61475 neurons for SVD initialization
Session 9: Using random projection to 2000 of 55588 neurons for SVD initialization
Session 10: Using random projection to 2000 of 57220 neurons for SVD initialization
Session 11: Using random projection to 2000 of 30385 neurons for SVD initialization
Session 12: Using random projection to 2000 of 29973 neurons for SVD initialization
Session 13: Using random projection to 2000 of 32956 neurons for SVD initialization
Session 14: Using random projection to 2000 of 33726 neurons for SVD initialization
Session 15: Using random projection to 2000 of 32128 neurons for SVD initialization
Session 16: Using random projection to 2000 of 30469 neurons for SVD initialization
Session 17: Using random projection to 2000 of 34307 neurons for SVD initialization
Session 18: Using random projection to 2000 of 33838 neurons for SVD initialization
Session 19: Using random projection to 2000 of 42795 neurons for SVD initialization
Session 20: Using random projection to 2000 of 41503 neurons for SVD initialization
Session 21: Using random projection to 2000 of 56521 neurons for SVD initialization
Session 22: Using random projection to 2000 of 53233 neurons for SVD initialization
Session 23: Using random projection to 2000 of 58512 neurons for SVD initialization
Session 24: Using random projection to 2000 of 43430 neurons for SVD initialization
Session 25: Using random projection to 2000 of 52567 neurons for SVD initialization
Session 26: Using random projection to 2000 of 63981 neurons for SVD initialization
Session 27: Using random projection to 2000 of 78815 neurons for SVD initialization
Session 28: Using random projection to 2000 of 69080 neurons for SVD initialization
Session 29: Using random projection to 2000 of 72944 neurons for SVD initialization
Session 30: Using random projection to 2000 of 61781 neurons for SVD initialization
Session 31: Using random projection to 2000 of 69762 neurons for SVD initialization
Session 32: Using random projection to 2000 of 59964 neurons for SVD initialization
Session 33: Using random projection to 2000 of 65651 neurons for SVD initialization
Session 34: Using random projection to 2000 of 50153 neurons for SVD initialization
Session 35: Using random projection to 2000 of 68776 neurons for SVD initialization
Session 36: Using random projection to 2000 of 64419 neurons for SVD initialization
Session 37: Using random projection to 2000 of 56487 neurons for SVD initialization
Session 38: Using random projection to 2000 of 61668 neurons for SVD initialization
Session 39: Using random projection to 2000 of 25971 neurons for SVD initialization
Session 40: Using random projection to 2000 of 30803 neurons for SVD initialization
Session 41: Using random projection to 2000 of 28412 neurons for SVD initialization
Session 42: Using random projection to 2000 of 32855 neurons for SVD initialization
Session 43: Using random projection to 2000 of 24452 neurons for SVD initialization
Session 44: Using random projection to 2000 of 26572 neurons for SVD initialization
Session 45: Using random projection to 2000 of 29357 neurons for SVD initialization
Session 46: Using random projection to 2000 of 32090 neurons for SVD initialization
Session 47: Using random projection to 2000 of 43776 neurons for SVD initialization
Session 48: Using random projection to 2000 of 39418 neurons for SVD initialization
Session 49: Using random projection to 2000 of 24739 neurons for SVD initialization
Session 50: Using random projection to 2000 of 36174 neurons for SVD initialization
Session 51: Using random projection to 2000 of 26615 neurons for SVD initialization
Session 52: Using random projection to 2000 of 25767 neurons for SVD initialization
Session 53: Using random projection to 2000 of 22808 neurons for SVD initialization
Session 54: Using random projection to 2000 of 27277 neurons for SVD initialization
Session 55: Using random projection to 2000 of 20995 neurons for SVD initialization
Session 56: Using random projection to 2000 of 17363 neurons for SVD initialization
Session 57: Using random projection to 2000 of 19313 neurons for SVD initialization
Session 58: Using random projection to 2000 of 27160 neurons for SVD initialization
Session 59: Using random projection to 2000 of 25719 neurons for SVD initialization
Session 60: Using random projection to 2000 of 44895 neurons for SVD initialization
Session 61: Using random projection to 2000 of 44919 neurons for SVD initialization
Session 62: Using random projection to 2000 of 51339 neurons for SVD initialization
Session 63: Using random projection to 2000 of 46218 neurons for SVD initialization
Session 64: Using random projection to 2000 of 55513 neurons for SVD initialization
Session 65: Using random projection to 2000 of 47246 neurons for SVD initialization
Session 66: Using random projection to 2000 of 57534 neurons for SVD initialization
Session 67: Using random projection to 2000 of 56265 neurons for SVD initialization
Session 68: Using random projection to 2000 of 64261 neurons for SVD initialization
Session 69: Using random projection to 2000 of 57496 neurons for SVD initialization
Session 70: Using random projection to 2000 of 64969 neurons for SVD initialization
Session 71: Using random projection to 2000 of 32387 neurons for SVD initialization
Session 72: Using random projection to 2000 of 41367 neurons for SVD initialization
Session 73: Using random projection to 2000 of 38809 neurons for SVD initialization
Session 74: Using random projection to 2000 of 52780 neurons for SVD initialization
Session 75: Using random projection to 2000 of 48822 neurons for SVD initialization
Session 76: Using random projection to 2000 of 53710 neurons for SVD initialization
Session 77: Using random projection to 2000 of 42145 neurons for SVD initialization
Session 78: Using random projection to 2000 of 50141 neurons for SVD initialization
Session 79: Using random projection to 2000 of 46452 neurons for SVD initialization
Session 80: Using random projection to 2000 of 53178 neurons for SVD initialization
Session 81: Using random projection to 2000 of 48239 neurons for SVD initialization
Session 82: Using random projection to 2000 of 64112 neurons for SVD initialization
Session 83: Using random projection to 2000 of 55794 neurons for SVD initialization
Session 84: Using random projection to 2000 of 65842 neurons for SVD initialization
Session 85: Using random projection to 2000 of 55525 neurons for SVD initialization
Session 86: Using random projection to 2000 of 57304 neurons for SVD initialization
Session 87: Using random projection to 2000 of 43303 neurons for SVD initialization
Session 88: Using random projection to 2000 of 58878 neurons for SVD initialization
Epoch [1/200], Loss: 16009.519786
Epoch [2/200], Loss: 15142.452601
Epoch [3/200], Loss: 14327.371870
Epoch [4/200], Loss: 13561.149603
Epoch [5/200], Loss: 12841.007640
Epoch [6/200], Loss: 12164.415297
Epoch [7/200], Loss: 11529.470923
Epoch [8/200], Loss: 10934.668682
Epoch [9/200], Loss: 10378.974324
Epoch [10/200], Loss: 9861.178066
Epoch [20/200], Loss: 6391.543890
Epoch [30/200], Loss: 4473.290865
Epoch [40/200], Loss: 3140.567170
Epoch [50/200], Loss: 2178.764533
Epoch [60/200], Loss: 1463.880635
Epoch [70/200], Loss: 922.336338
Epoch [80/200], Loss: 543.858451
Epoch [90/200], Loss: 408.657339
Epoch [100/200], Loss: 307.629430
Epoch [110/200], Loss: 272.557355
Epoch [120/200], Loss: 246.212442
Epoch [130/200], Loss: 223.302177
Epoch [140/200], Loss: 205.435313
Epoch [150/200], Loss: 201.557360
Epoch [160/200], Loss: 178.135253
Epoch [170/200], Loss: 163.219848
Epoch [180/200], Loss: 165.468347
Epoch [190/200], Loss: 158.515217
Epoch [200/200], Loss: 152.293054
Test Loss: 65.765848

Training Balanced Accuracy Scores (chance = 1/num_classes):
  0 (visual_stimulus): 0.6752  (chance: 0.2500)
  1 (licking): 0.9155  (chance: 0.5000)
  2 (position): 0.3153  (chance: 0.2500)
  3 (running_speed): 0.3691  (chance: 0.2500)

Validation Balanced Accuracy Scores (chance = 1/num_classes):
  0 (visual_stimulus): 0.6643  (chance: 0.2500)
  1 (licking): 0.8502  (chance: 0.5000)
  2 (position): 0.3097  (chance: 0.2500)
  3 (running_speed): 0.3616  (chance: 0.2500)
Statistics saved to /app/stats_full.json
train_decoder.py finished successfully.
