Data format is valid, no errors or warnings.
Number of sessions: 89
Total number of trials: 38110
Number of trials per session: [503, 431, 518, 455, 629, 511, 218, 259, 305, 248, 306, 457, 453, 400, 407, 492, 419, 335, 426, 145, 269, 201, 259, 251, 309, 455, 453, 210, 300, 423, 402, 457, 428, 418, 84, 320, 370, 267, 405, 568, 561, 379, 429, 452, 473, 511, 669, 789, 534, 345, 475, 459, 520, 658, 722, 578, 501, 501, 368, 369, 398, 237, 303, 485, 471, 479, 408, 454, 435, 466, 399, 400, 238, 402, 402, 403, 282, 605, 636, 600, 450, 373, 348, 470, 719, 506, 680, 503, 499]
Number of subjects: 19
Number of brain regions: 4
Number of sessions per subject:
  Subject DR10: 6 sessions
  Subject DR15: 5 sessions
  Subject LZ13: 4 sessions
  Subject LZ16: 4 sessions
  Subject TX104: 2 sessions
  Subject TX105: 5 sessions
  Subject TX108: 7 sessions
  Subject TX109: 6 sessions
  Subject TX119: 8 sessions
  Subject TX123: 8 sessions
  Subject TX124: 3 sessions
  Subject TX139: 2 sessions
  Subject TX140: 1 sessions
  Subject TX60: 5 sessions
  Subject TX61: 5 sessions
  Subject TX83: 3 sessions
  Subject TX85: 2 sessions
  Subject TX88: 6 sessions
  Subject VR2: 7 sessions
Input dimension: 4
Output dimension: 4
Summary statistics (across all sessions):
  T: mean: 32.00, median: 32.00, min: 32, max: 32
  n_neurons: mean: 46128.01', min: 17363, max: 78815
  Input range:
    time_to_sound_cue: [-26.2, 723.5]
    day_of_training: [0.0, 92.0]
    time_since_trial_start: [0.0, 27.1]
    reward_availability: [0.0, 1.0]
  Output range:
    visual_stimulus: [0.0, 3.0]
    licking: [0.0, 2.0]
    position: [0.0, 4.0]
    running_speed: [0.0, 4.0]
  Unique outputs per dimension (fraction of data):
    visual_stimulus: {circle (0.305), leaf (0.466), rock (0.086), wood (0.143)}
    licking: {no lick (0.734), lick (0.035), none (0.231)}
    position: {0-1 m (0.224), 1-2 m (0.197), 2-3 m (0.184), 3-4 m (0.163), none (0.231)}
    running_speed: {lowest (0.192), low (0.192), high (0.192), highest (0.192), none (0.231)}
  Brain region distribution:
    V1: 1833035 neurons
    mHV: 1108860 neurons
    lHV: 495318 neurons
    aHV: 668180 neurons

Per-session statistics:
  Mean T: 32.0, 32.0, 32.0, 32.0, 32.0, 32.0, 32.0, 32.0, 32.0, 32.0, 32.0, 32.0, 32.0, 32.0, 32.0, 32.0, 32.0, 32.0, 32.0, 32.0, 32.0, 32.0, 32.0, 32.0, 32.0, 32.0, 32.0, 32.0, 32.0, 32.0, 32.0, 32.0, 32.0, 32.0, 32.0, 32.0, 32.0, 32.0, 32.0, 32.0, 32.0, 32.0, 32.0, 32.0, 32.0, 32.0, 32.0, 32.0, 32.0, 32.0, 32.0, 32.0, 32.0, 32.0, 32.0, 32.0, 32.0, 32.0, 32.0, 32.0, 32.0, 32.0, 32.0, 32.0, 32.0, 32.0, 32.0, 32.0, 32.0, 32.0, 32.0, 32.0, 32.0, 32.0, 32.0, 32.0, 32.0, 32.0, 32.0, 32.0, 32.0, 32.0, 32.0, 32.0, 32.0, 32.0, 32.0, 32.0, 32.0
  Min T: 32, 32, 32, 32, 32, 32, 32, 32, 32, 32, 32, 32, 32, 32, 32, 32, 32, 32, 32, 32, 32, 32, 32, 32, 32, 32, 32, 32, 32, 32, 32, 32, 32, 32, 32, 32, 32, 32, 32, 32, 32, 32, 32, 32, 32, 32, 32, 32, 32, 32, 32, 32, 32, 32, 32, 32, 32, 32, 32, 32, 32, 32, 32, 32, 32, 32, 32, 32, 32, 32, 32, 32, 32, 32, 32, 32, 32, 32, 32, 32, 32, 32, 32, 32, 32, 32, 32, 32, 32
  Max T: 32, 32, 32, 32, 32, 32, 32, 32, 32, 32, 32, 32, 32, 32, 32, 32, 32, 32, 32, 32, 32, 32, 32, 32, 32, 32, 32, 32, 32, 32, 32, 32, 32, 32, 32, 32, 32, 32, 32, 32, 32, 32, 32, 32, 32, 32, 32, 32, 32, 32, 32, 32, 32, 32, 32, 32, 32, 32, 32, 32, 32, 32, 32, 32, 32, 32, 32, 32, 32, 32, 32, 32, 32, 32, 32, 32, 32, 32, 32, 32, 32, 32, 32, 32, 32, 32, 32, 32, 32
  n_neurons: 52246, 49472, 44926, 44464, 49931, 42973, 53588, 56607, 61475, 55588, 57220, 30385, 29973, 32956, 33726, 32128, 30469, 34307, 33838, 42795, 41503, 56521, 53233, 58512, 43430, 52567, 63981, 78815, 69080, 72944, 61781, 69762, 59964, 65651, 50153, 68776, 64419, 56487, 61668, 25971, 30803, 28412, 32855, 24452, 26572, 29357, 32090, 43776, 39418, 24739, 36174, 26615, 25767, 22808, 27277, 20995, 17363, 19313, 27160, 25719, 44895, 44919, 51339, 46218, 55513, 47246, 57534, 56265, 64261, 57496, 64969, 32387, 41367, 38809, 52780, 48822, 53710, 42145, 50141, 46452, 53178, 48239, 64112, 55794, 65842, 55525, 57304, 43303, 58878
  Input range:
    0: [-9.5, 93.6] [-9.3, 46.8] [-9.3, 38.7] [-9.4, 36.7] [-9.4, 34.7] [-9.3, 35.0] [-9.4, 402.9] [-9.3, 270.7] [-9.3, 203.7] [-9.2, 403.2] [-9.3, 150.1] [-9.3, 41.9] [-26.2, 170.2] [-19.1, 42.9] [-12.0, 33.4] [-10.1, 104.9] [-11.5, 27.9] [-9.5, 14.7] [-9.3, 103.9] [-9.3, 232.7] [-9.3, 118.5] [-9.4, 275.0] [-9.3, 41.3] [-9.1, 200.0] [-9.3, 402.9] [-9.3, 126.6] [-9.3, 76.3] [-9.2, 199.8] [-9.3, 76.6] [-9.4, 149.6] [-9.3, 15.7] [-9.3, 19.8] [-9.3, 13.4] [-9.2, 238.4] [-9.4, 400.3] [-9.3, 400.2] [-9.4, 39.4] [-9.4, 272.8] [-9.3, 23.2] [-9.5, 30.2] [-9.5, 213.2] [-12.9, 73.4] [-11.1, 60.2] [-9.3, 35.2] [-9.5, 401.7] [-9.4, 250.5] [-9.5, 127.7] [-9.5, 400.5] [-9.5, 109.8] [-9.6, 79.1] [-9.5, 400.9] [-9.4, 150.1] [-9.5, 25.6] [-9.5, 25.0] [-9.5, 53.0] [-9.5, 157.1] [-11.6, 161.2] [-9.5, 52.7] [-11.1, 172.8] [-14.3, 184.1] [-14.3, 125.8] [-9.7, 220.4] [-8.9, 202.1] [-8.7, 43.0] [-8.7, 29.3] [-8.7, 44.9] [-8.3, 50.2] [-8.3, 24.8] [-8.3, 39.8] [-8.3, 91.3] [-8.4, 723.5] [-9.4, 39.1] [-9.3, 203.7] [-9.4, 203.1] [-9.3, 65.4] [-9.4, 114.6] [-9.4, 64.7] [-9.4, 68.7] [-9.4, 144.9] [-9.3, 76.4] [-9.4, 93.1] [-9.4, 203.0] [-8.8, 83.1] [-8.7, 15.1] [-8.7, 28.5] [-8.8, 35.2] [-8.8, 27.4] [-8.9, 24.9] [-8.9, 17.6] 
    1: [0.0, 0.0] [7.0, 7.0] [9.0, 9.0] [16.0, 16.0] [17.0, 17.0] [18.0, 18.0] [0.0, 0.0] [10.0, 10.0] [11.0, 11.0] [24.0, 24.0] [25.0, 25.0] [0.0, 0.0] [1.0, 1.0] [13.0, 13.0] [14.0, 14.0] [0.0, 0.0] [1.0, 1.0] [13.0, 13.0] [14.0, 14.0] [0.0, 0.0] [8.0, 8.0] [0.0, 0.0] [11.0, 11.0] [13.0, 13.0] [28.0, 28.0] [31.0, 31.0] [0.0, 0.0] [67.0, 67.0] [76.0, 76.0] [79.0, 79.0] [86.0, 86.0] [89.0, 89.0] [92.0, 92.0] [0.0, 0.0] [11.0, 11.0] [22.0, 22.0] [33.0, 33.0] [57.0, 57.0] [58.0, 58.0] [0.0, 0.0] [1.0, 1.0] [2.0, 2.0] [11.0, 11.0] [12.0, 12.0] [25.0, 25.0] [26.0, 26.0] [28.0, 28.0] [0.0, 0.0] [2.0, 2.0] [3.0, 3.0] [15.0, 15.0] [16.0, 16.0] [28.0, 28.0] [29.0, 29.0] [30.0, 30.0] [0.0, 0.0] [1.0, 1.0] [3.0, 3.0] [0.0, 0.0] [13.0, 13.0] [0.0, 0.0] [0.0, 0.0] [24.0, 24.0] [58.0, 58.0] [72.0, 72.0] [73.0, 73.0] [0.0, 0.0] [12.0, 12.0] [13.0, 13.0] [16.0, 16.0] [18.0, 18.0] [0.0, 0.0] [12.0, 12.0] [14.0, 14.0] [0.0, 0.0] [3.0, 3.0] [0.0, 0.0] [4.0, 4.0] [7.0, 7.0] [32.0, 32.0] [36.0, 36.0] [39.0, 39.0] [0.0, 0.0] [17.0, 17.0] [22.0, 22.0] [39.0, 39.0] [40.0, 40.0] [45.0, 45.0] [47.0, 47.0] 
    2: [0.0, 10.1] [0.0, 10.1] [0.0, 10.1] [0.0, 10.1] [0.0, 10.1] [0.0, 10.1] [0.0, 10.1] [0.0, 10.1] [0.0, 10.1] [0.0, 10.1] [0.0, 10.1] [0.0, 10.1] [0.0, 27.1] [0.0, 23.3] [0.0, 16.8] [0.0, 13.1] [0.0, 13.0] [0.0, 16.6] [0.0, 10.1] [0.0, 10.1] [0.0, 10.1] [0.0, 10.1] [0.0, 10.1] [0.0, 10.1] [0.0, 10.1] [0.0, 10.1] [0.0, 10.1] [0.0, 10.1] [0.0, 10.1] [0.0, 10.1] [0.0, 10.1] [0.0, 10.1] [0.0, 10.1] [0.0, 10.1] [0.0, 10.1] [0.0, 10.1] [0.0, 10.1] [0.0, 10.1] [0.0, 10.1] [0.0, 10.1] [0.0, 10.1] [0.0, 15.2] [0.0, 12.2] [0.0, 10.1] [0.0, 10.1] [0.0, 10.1] [0.0, 10.1] [0.0, 10.1] [0.0, 10.1] [0.0, 10.1] [0.0, 10.1] [0.0, 10.1] [0.0, 10.1] [0.0, 10.1] [0.0, 10.1] [0.0, 10.1] [0.0, 12.2] [0.0, 10.1] [0.0, 13.1] [0.0, 16.2] [0.0, 16.8] [0.0, 10.1] [0.0, 10.1] [0.0, 10.1] [0.0, 10.1] [0.0, 10.1] [0.0, 10.1] [0.0, 10.1] [0.0, 10.1] [0.0, 10.1] [0.0, 10.1] [0.0, 10.1] [0.0, 10.1] [0.0, 10.1] [0.0, 10.1] [0.0, 10.1] [0.0, 10.1] [0.0, 10.1] [0.0, 10.1] [0.0, 10.1] [0.0, 10.1] [0.0, 10.1] [0.0, 10.3] [0.0, 10.1] [0.0, 10.1] [0.0, 10.1] [0.0, 10.1] [0.0, 10.1] [0.0, 10.1] 
    3: [0.0, 0.0] [0.0, 0.0] [0.0, 0.0] [0.0, 0.0] [0.0, 0.0] [0.0, 0.0] [0.0, 0.0] [0.0, 0.0] [0.0, 0.0] [0.0, 0.0] [0.0, 0.0] [0.0, 0.0] [0.0, 0.0] [0.0, 0.0] [0.0, 0.0] [0.0, 0.0] [0.0, 0.0] [0.0, 0.0] [0.0, 0.0] [0.0, 0.0] [0.0, 0.0] [0.0, 0.0] [0.0, 0.0] [0.0, 0.0] [0.0, 0.0] [0.0, 0.0] [0.0, 0.0] [0.0, 1.0] [0.0, 1.0] [0.0, 1.0] [0.0, 1.0] [0.0, 1.0] [0.0, 1.0] [0.0, 0.0] [0.0, 1.0] [0.0, 1.0] [0.0, 1.0] [0.0, 1.0] [0.0, 1.0] [0.0, 0.0] [0.0, 0.0] [0.0, 0.0] [0.0, 0.0] [0.0, 0.0] [0.0, 0.0] [0.0, 0.0] [0.0, 0.0] [0.0, 0.0] [0.0, 0.0] [0.0, 0.0] [0.0, 0.0] [0.0, 0.0] [0.0, 0.0] [0.0, 0.0] [0.0, 0.0] [0.0, 0.0] [0.0, 0.0] [0.0, 0.0] [0.0, 0.0] [0.0, 0.0] [0.0, 0.0] [0.0, 1.0] [0.0, 1.0] [0.0, 1.0] [0.0, 1.0] [0.0, 1.0] [0.0, 1.0] [0.0, 1.0] [0.0, 1.0] [0.0, 1.0] [0.0, 1.0] [0.0, 0.0] [0.0, 0.0] [0.0, 0.0] [0.0, 0.0] [0.0, 0.0] [0.0, 0.0] [0.0, 0.0] [0.0, 0.0] [0.0, 0.0] [0.0, 0.0] [0.0, 0.0] [0.0, 1.0] [0.0, 1.0] [0.0, 1.0] [0.0, 1.0] [0.0, 1.0] [0.0, 1.0] [0.0, 1.0] 
  Output range:
    0: [0.0, 1.0] [0.0, 1.0] [0.0, 1.0] [0.0, 1.0] [0.0, 1.0] [0.0, 1.0] [0.0, 1.0] [0.0, 1.0] [0.0, 1.0] [0.0, 1.0] [0.0, 1.0] [0.0, 1.0] [2.0, 3.0] [0.0, 1.0] [2.0, 3.0] [0.0, 1.0] [2.0, 3.0] [0.0, 1.0] [2.0, 3.0] [1.0, 2.0] [1.0, 2.0] [0.0, 1.0] [0.0, 1.0] [0.0, 1.0] [0.0, 1.0] [0.0, 1.0] [0.0, 1.0] [2.0, 3.0] [2.0, 3.0] [2.0, 3.0] [2.0, 3.0] [2.0, 3.0] [2.0, 3.0] [0.0, 1.0] [0.0, 1.0] [0.0, 1.0] [0.0, 1.0] [0.0, 1.0] [0.0, 1.0] [2.0, 3.0] [0.0, 1.0] [2.0, 3.0] [2.0, 3.0] [2.0, 3.0] [2.0, 3.0] [2.0, 3.0] [2.0, 3.0] [0.0, 1.0] [2.0, 3.0] [0.0, 1.0] [0.0, 1.0] [0.0, 1.0] [0.0, 1.0] [0.0, 1.0] [0.0, 1.0] [0.0, 1.0] [0.0, 1.0] [2.0, 3.0] [0.0, 1.0] [0.0, 1.0] [0.0, 1.0] [0.0, 1.0] [0.0, 1.0] [0.0, 1.0] [0.0, 1.0] [0.0, 1.0] [0.0, 1.0] [0.0, 1.0] [0.0, 1.0] [0.0, 1.0] [0.0, 1.0] [0.0, 1.0] [0.0, 1.0] [0.0, 1.0] [0.0, 1.0] [0.0, 1.0] [0.0, 1.0] [0.0, 1.0] [0.0, 2.0] [0.0, 1.0] [0.0, 1.0] [0.0, 1.0] [0.0, 1.0] [0.0, 1.0] [0.0, 1.0] [0.0, 1.0] [0.0, 1.0] [0.0, 1.0] [0.0, 1.0] 
    1: [0.0, 2.0] [0.0, 2.0] [0.0, 2.0] [0.0, 2.0] [0.0, 2.0] [0.0, 2.0] [0.0, 2.0] [0.0, 2.0] [0.0, 2.0] [0.0, 2.0] [0.0, 2.0] [0.0, 2.0] [0.0, 2.0] [0.0, 2.0] [0.0, 2.0] [0.0, 2.0] [0.0, 2.0] [0.0, 2.0] [0.0, 2.0] [0.0, 2.0] [0.0, 2.0] [0.0, 2.0] [0.0, 2.0] [0.0, 2.0] [0.0, 2.0] [0.0, 2.0] [0.0, 2.0] [0.0, 2.0] [0.0, 2.0] [0.0, 2.0] [0.0, 2.0] [0.0, 2.0] [0.0, 2.0] [0.0, 2.0] [0.0, 2.0] [0.0, 2.0] [0.0, 2.0] [0.0, 2.0] [0.0, 2.0] [0.0, 2.0] [0.0, 2.0] [0.0, 2.0] [0.0, 2.0] [0.0, 2.0] [0.0, 2.0] [0.0, 2.0] [0.0, 2.0] [0.0, 2.0] [0.0, 2.0] [0.0, 2.0] [0.0, 2.0] [0.0, 2.0] [0.0, 2.0] [0.0, 2.0] [0.0, 2.0] [0.0, 2.0] [0.0, 2.0] [0.0, 2.0] [0.0, 2.0] [0.0, 2.0] [0.0, 2.0] [0.0, 2.0] [0.0, 2.0] [0.0, 2.0] [0.0, 2.0] [0.0, 2.0] [0.0, 2.0] [0.0, 2.0] [0.0, 2.0] [0.0, 2.0] [0.0, 2.0] [0.0, 2.0] [0.0, 2.0] [0.0, 2.0] [0.0, 2.0] [0.0, 2.0] [0.0, 2.0] [0.0, 2.0] [0.0, 2.0] [0.0, 2.0] [0.0, 2.0] [0.0, 2.0] [0.0, 2.0] [0.0, 2.0] [0.0, 2.0] [0.0, 2.0] [0.0, 2.0] [0.0, 2.0] [0.0, 2.0] 
    2: [0.0, 4.0] [0.0, 4.0] [0.0, 4.0] [0.0, 4.0] [0.0, 4.0] [0.0, 4.0] [0.0, 4.0] [0.0, 4.0] [0.0, 4.0] [0.0, 4.0] [0.0, 4.0] [0.0, 4.0] [0.0, 4.0] [0.0, 4.0] [0.0, 4.0] [0.0, 4.0] [0.0, 4.0] [0.0, 4.0] [0.0, 4.0] [0.0, 4.0] [0.0, 4.0] [0.0, 4.0] [0.0, 4.0] [0.0, 4.0] [0.0, 4.0] [0.0, 4.0] [0.0, 4.0] [0.0, 4.0] [0.0, 4.0] [0.0, 4.0] [0.0, 4.0] [0.0, 4.0] [0.0, 4.0] [0.0, 4.0] [0.0, 4.0] [0.0, 4.0] [0.0, 4.0] [0.0, 4.0] [0.0, 4.0] [0.0, 4.0] [0.0, 4.0] [0.0, 4.0] [0.0, 4.0] [0.0, 4.0] [0.0, 4.0] [0.0, 4.0] [0.0, 4.0] [0.0, 4.0] [0.0, 4.0] [0.0, 4.0] [0.0, 4.0] [0.0, 4.0] [0.0, 4.0] [0.0, 4.0] [0.0, 4.0] [0.0, 4.0] [0.0, 4.0] [0.0, 4.0] [0.0, 4.0] [0.0, 4.0] [0.0, 4.0] [0.0, 4.0] [0.0, 4.0] [0.0, 4.0] [0.0, 4.0] [0.0, 4.0] [0.0, 4.0] [0.0, 4.0] [0.0, 4.0] [0.0, 4.0] [0.0, 4.0] [0.0, 4.0] [0.0, 4.0] [0.0, 4.0] [0.0, 4.0] [0.0, 4.0] [0.0, 4.0] [0.0, 4.0] [0.0, 4.0] [0.0, 4.0] [0.0, 4.0] [0.0, 4.0] [0.0, 4.0] [0.0, 4.0] [0.0, 4.0] [0.0, 4.0] [0.0, 4.0] [0.0, 4.0] [0.0, 4.0] 
    3: [0.0, 4.0] [0.0, 4.0] [0.0, 4.0] [0.0, 4.0] [0.0, 4.0] [0.0, 4.0] [0.0, 4.0] [0.0, 4.0] [0.0, 4.0] [0.0, 4.0] [0.0, 4.0] [0.0, 4.0] [0.0, 4.0] [0.0, 4.0] [0.0, 4.0] [0.0, 4.0] [0.0, 4.0] [0.0, 4.0] [0.0, 4.0] [0.0, 4.0] [0.0, 4.0] [0.0, 4.0] [0.0, 4.0] [0.0, 4.0] [0.0, 4.0] [0.0, 4.0] [0.0, 4.0] [0.0, 4.0] [0.0, 4.0] [0.0, 4.0] [0.0, 4.0] [0.0, 4.0] [0.0, 4.0] [0.0, 4.0] [0.0, 4.0] [0.0, 4.0] [0.0, 4.0] [0.0, 4.0] [0.0, 4.0] [0.0, 4.0] [0.0, 4.0] [0.0, 4.0] [0.0, 4.0] [0.0, 4.0] [0.0, 4.0] [0.0, 4.0] [0.0, 4.0] [0.0, 4.0] [0.0, 4.0] [0.0, 4.0] [0.0, 4.0] [0.0, 4.0] [0.0, 4.0] [0.0, 4.0] [0.0, 4.0] [0.0, 4.0] [0.0, 4.0] [0.0, 4.0] [0.0, 4.0] [0.0, 4.0] [0.0, 4.0] [0.0, 4.0] [0.0, 4.0] [0.0, 4.0] [0.0, 4.0] [0.0, 4.0] [0.0, 4.0] [0.0, 4.0] [0.0, 4.0] [0.0, 4.0] [0.0, 4.0] [0.0, 4.0] [0.0, 4.0] [0.0, 4.0] [0.0, 4.0] [0.0, 4.0] [0.0, 4.0] [0.0, 4.0] [0.0, 4.0] [0.0, 4.0] [0.0, 4.0] [0.0, 4.0] [0.0, 4.0] [0.0, 4.0] [0.0, 4.0] [0.0, 4.0] [0.0, 4.0] [0.0, 4.0] [0.0, 4.0] 
  Output fraction of data:
visual_stimulus: (0.485 0.508 0.488 0.323 0.269 0.196 0.468 0.502 0.466 0.343 0.255 0.429 0.000 0.412 0.000 0.498 0.000 0.519 0.000 0.000 0.000 0.468 0.467 0.562 0.337 0.220 0.519 0.000 0.000 0.000 0.000 0.000 0.000 0.478 0.536 0.519 0.514 0.633 0.746 0.000 0.198 0.000 0.000 0.000 0.000 0.000 0.000 0.392 0.000 0.487 0.497 0.473 0.290 0.233 0.202 0.476 0.198 0.000 0.413 0.369 0.379 0.536 0.512 0.522 0.376 0.299 0.547 0.414 0.303 0.300 0.301 0.522 0.500 0.475 0.525 0.521 0.532 0.507 0.425 0.305 0.269 0.257 0.489 0.502 0.508 0.366 0.193 0.213 0.160)  0.515 0.492 0.512 0.677 0.731 0.804 0.532 0.498 0.534 0.657 0.745 0.571 0.000 0.588 0.000 0.502 0.000 0.481 0.000 0.455 0.539 0.532 0.533 0.438 0.663 0.780 0.481 0.000 0.000 0.000 0.000 0.000 0.000 0.522 0.464 0.481 0.486 0.367 0.254 0.000 0.802 0.000 0.000 0.000 0.000 0.000 0.000 0.608 0.000 0.513 0.503 0.527 0.710 0.767 0.798 0.524 0.802 0.000 0.587 0.631 0.621 0.464 0.488 0.478 0.624 0.701 0.453 0.586 0.697 0.700 0.699 0.477 0.500 0.525 0.475 0.479 0.468 0.493 0.440 0.695 0.731 0.743 0.511 0.498 0.492 0.634 0.807 0.787 0.840)  0.000 0.000 0.000 0.000 0.000 0.000 0.000 0.000 0.000 0.000 0.000 0.000 0.373 0.000 0.378 0.000 0.427 0.000 0.378 0.545 0.461 0.000 0.000 0.000 0.000 0.000 0.000 0.467 0.560 0.518 0.356 0.254 0.252 0.000 0.000 0.000 0.000 0.000 0.000 0.412 0.000 0.472 0.483 0.500 0.309 0.258 0.211 0.000 0.193 0.000 0.000 0.000 0.000 0.000 0.000 0.000 0.000 0.212 0.000 0.000 0.000 0.000 0.000 0.000 0.000 0.000 0.000 0.000 0.000 0.000 0.000 0.000 0.000 0.000 0.000 0.000 0.000 0.000 0.135 0.000 0.000 0.000 0.000 0.000 0.000 0.000 0.000 0.000 0.000)  0.000 0.000 0.000 0.000 0.000 0.000 0.000 0.000 0.000 0.000 0.000 0.000 0.627 0.000 0.622 0.000 0.573 0.000 0.622 0.000 0.000 0.000 0.000 0.000 0.000 0.000 0.000 0.533 0.440 0.482 0.644 0.746 0.748 0.000 0.000 0.000 0.000 0.000 0.000 0.588 0.000 0.528 0.517 0.500 0.691 0.742 0.789 0.000 0.807 0.000 0.000 0.000 0.000 0.000 0.000 0.000 0.000 0.788 0.000 0.000 0.000 0.000 0.000 0.000 0.000 0.000 0.000 0.000 0.000 0.000 0.000 0.000 0.000 0.000 0.000 0.000 0.000 0.000 0.000 0.000 0.000 0.000 0.000 0.000 0.000 0.000 0.000 0.000 0.000)  
licking: (0.748 0.821 0.795 0.829 0.857 0.872 0.849 0.857 0.822 0.915 0.909 0.704 0.717 0.784 0.753 0.789 0.739 0.738 0.707 0.896 0.783 0.889 0.859 0.929 0.895 0.874 0.751 0.642 0.698 0.806 0.741 0.705 0.727 0.866 0.753 0.599 0.563 0.703 0.773 0.642 0.726 0.746 0.687 0.659 0.608 0.694 0.686 0.618 0.718 0.727 0.722 0.685 0.653 0.554 0.610 0.562 0.550 0.581 0.759 0.784 0.831 0.717 0.641 0.689 0.709 0.680 0.778 0.694 0.677 0.743 0.759 0.783 0.869 0.856 0.847 0.921 0.863 0.742 0.799 0.784 0.801 0.834 0.744 0.703 0.670 0.665 0.693 0.659 0.641)  0.000 0.000 0.000 0.000 0.000 0.000 0.000 0.000 0.000 0.000 0.000 0.000 0.000 0.000 0.000 0.000 0.000 0.000 0.000 0.000 0.000 0.000 0.000 0.000 0.000 0.000 0.000 0.311 0.217 0.113 0.121 0.147 0.118 0.000 0.241 0.280 0.257 0.094 0.090 0.000 0.000 0.000 0.000 0.000 0.000 0.000 0.000 0.000 0.000 0.000 0.000 0.000 0.000 0.000 0.000 0.000 0.000 0.000 0.000 0.000 0.000 0.092 0.118 0.144 0.075 0.108 0.104 0.099 0.155 0.129 0.090 0.000 0.000 0.000 0.000 0.000 0.000 0.000 0.000 0.000 0.000 0.000 0.048 0.081 0.068 0.070 0.057 0.094 0.095)  0.252 0.179 0.205 0.171 0.143 0.128 0.151 0.143 0.178 0.085 0.091 0.296 0.283 0.216 0.247 0.211 0.261 0.263 0.293 0.104 0.217 0.111 0.141 0.071 0.105 0.126 0.249 0.048 0.085 0.081 0.138 0.148 0.155 0.134 0.006 0.121 0.179 0.203 0.137 0.358 0.274 0.254 0.313 0.341 0.392 0.306 0.314 0.382 0.282 0.273 0.278 0.315 0.347 0.446 0.390 0.438 0.450 0.419 0.241 0.216 0.169 0.192 0.242 0.167 0.216 0.212 0.118 0.208 0.168 0.128 0.151 0.217 0.131 0.144 0.153 0.079 0.137 0.258 0.201 0.216 0.199 0.166 0.208 0.216 0.262 0.264 0.251 0.247 0.264)  
position: (0.237 0.258 0.245 0.244 0.277 0.253 0.381 0.347 0.286 0.329 0.333 0.197 0.216 0.199 0.190 0.259 0.199 0.213 0.199 0.287 0.214 0.247 0.328 0.435 0.423 0.321 0.198 0.360 0.247 0.222 0.197 0.179 0.192 0.281 0.482 0.198 0.180 0.197 0.183 0.165 0.193 0.185 0.164 0.175 0.155 0.190 0.186 0.206 0.161 0.175 0.174 0.174 0.156 0.140 0.171 0.150 0.156 0.140 0.255 0.264 0.268 0.220 0.215 0.238 0.202 0.201 0.317 0.206 0.205 0.282 0.248 0.245 0.386 0.361 0.265 0.354 0.327 0.235 0.261 0.230 0.223 0.301 0.245 0.163 0.182 0.187 0.188 0.173 0.164)  0.197 0.218 0.209 0.228 0.240 0.258 0.207 0.217 0.191 0.293 0.278 0.174 0.186 0.182 0.168 0.204 0.188 0.169 0.166 0.264 0.217 0.257 0.255 0.254 0.205 0.198 0.200 0.289 0.267 0.239 0.226 0.228 0.213 0.250 0.290 0.245 0.231 0.180 0.195 0.153 0.178 0.188 0.186 0.169 0.145 0.186 0.183 0.151 0.156 0.178 0.142 0.146 0.169 0.141 0.165 0.139 0.137 0.151 0.188 0.202 0.235 0.228 0.183 0.192 0.172 0.172 0.235 0.183 0.203 0.210 0.225 0.203 0.216 0.218 0.245 0.231 0.244 0.205 0.196 0.192 0.214 0.241 0.195 0.233 0.196 0.195 0.165 0.184 0.193)  0.166 0.195 0.186 0.196 0.197 0.205 0.141 0.175 0.184 0.183 0.192 0.172 0.161 0.170 0.162 0.176 0.184 0.168 0.164 0.211 0.188 0.222 0.161 0.148 0.151 0.179 0.181 0.183 0.231 0.248 0.244 0.252 0.248 0.189 0.159 0.229 0.203 0.200 0.208 0.157 0.175 0.176 0.204 0.172 0.150 0.169 0.174 0.133 0.162 0.176 0.194 0.160 0.156 0.141 0.145 0.142 0.127 0.146 0.174 0.164 0.188 0.205 0.206 0.221 0.197 0.203 0.189 0.230 0.244 0.214 0.203 0.180 0.140 0.164 0.187 0.205 0.172 0.163 0.179 0.180 0.197 0.172 0.194 0.257 0.188 0.186 0.204 0.227 0.212)  0.148 0.151 0.156 0.160 0.143 0.156 0.120 0.118 0.161 0.110 0.105 0.161 0.154 0.234 0.233 0.149 0.168 0.187 0.178 0.134 0.164 0.162 0.115 0.092 0.116 0.176 0.172 0.121 0.171 0.210 0.196 0.193 0.192 0.146 0.063 0.208 0.207 0.219 0.277 0.168 0.180 0.197 0.133 0.143 0.158 0.149 0.143 0.129 0.239 0.198 0.213 0.205 0.173 0.131 0.129 0.131 0.130 0.144 0.141 0.155 0.141 0.155 0.154 0.183 0.213 0.211 0.141 0.174 0.180 0.165 0.173 0.155 0.127 0.114 0.149 0.131 0.119 0.139 0.162 0.182 0.167 0.120 0.159 0.131 0.172 0.168 0.192 0.169 0.168)  0.252 0.179 0.205 0.171 0.143 0.128 0.151 0.143 0.178 0.085 0.091 0.296 0.283 0.216 0.247 0.211 0.261 0.263 0.293 0.104 0.217 0.111 0.141 0.071 0.105 0.126 0.249 0.048 0.085 0.081 0.138 0.148 0.155 0.134 0.006 0.121 0.179 0.203 0.137 0.358 0.274 0.254 0.313 0.341 0.392 0.306 0.314 0.382 0.282 0.273 0.278 0.315 0.347 0.446 0.390 0.438 0.450 0.419 0.241 0.216 0.169 0.192 0.242 0.167 0.216 0.212 0.118 0.208 0.168 0.128 0.151 0.217 0.131 0.144 0.153 0.079 0.137 0.258 0.201 0.216 0.199 0.166 0.208 0.216 0.262 0.264 0.251 0.247 0.264)  
running_speed: (0.187 0.205 0.199 0.207 0.214 0.218 0.212 0.214 0.205 0.229 0.227 0.176 0.179 0.196 0.188 0.197 0.185 0.184 0.177 0.224 0.196 0.222 0.215 0.232 0.224 0.218 0.188 0.238 0.229 0.230 0.215 0.213 0.211 0.216 0.249 0.220 0.205 0.199 0.216 0.161 0.182 0.187 0.172 0.165 0.152 0.174 0.171 0.155 0.180 0.182 0.181 0.171 0.163 0.138 0.152 0.141 0.138 0.145 0.190 0.196 0.208 0.202 0.190 0.208 0.196 0.197 0.221 0.198 0.208 0.218 0.212 0.196 0.217 0.214 0.212 0.230 0.216 0.186 0.200 0.196 0.200 0.208 0.198 0.196 0.185 0.184 0.187 0.188 0.184)  0.187 0.205 0.199 0.207 0.214 0.218 0.212 0.214 0.205 0.229 0.227 0.176 0.179 0.196 0.188 0.197 0.185 0.184 0.177 0.224 0.196 0.222 0.215 0.232 0.224 0.218 0.188 0.238 0.229 0.230 0.215 0.213 0.211 0.216 0.249 0.220 0.205 0.199 0.216 0.160 0.182 0.186 0.172 0.165 0.152 0.174 0.171 0.155 0.180 0.182 0.181 0.171 0.163 0.138 0.152 0.141 0.138 0.145 0.190 0.196 0.208 0.202 0.190 0.208 0.196 0.197 0.221 0.198 0.208 0.218 0.212 0.196 0.217 0.214 0.212 0.230 0.216 0.185 0.200 0.196 0.200 0.208 0.198 0.196 0.185 0.184 0.187 0.188 0.184)  0.187 0.205 0.199 0.207 0.214 0.218 0.212 0.214 0.205 0.229 0.227 0.176 0.179 0.196 0.188 0.197 0.185 0.184 0.177 0.224 0.196 0.222 0.215 0.232 0.224 0.218 0.188 0.238 0.229 0.230 0.215 0.213 0.211 0.216 0.249 0.220 0.205 0.199 0.216 0.161 0.182 0.186 0.172 0.165 0.152 0.174 0.171 0.155 0.180 0.182 0.181 0.171 0.163 0.138 0.152 0.141 0.138 0.145 0.190 0.196 0.208 0.202 0.190 0.208 0.196 0.197 0.221 0.198 0.208 0.218 0.212 0.196 0.217 0.214 0.212 0.230 0.216 0.186 0.200 0.196 0.200 0.208 0.198 0.196 0.185 0.184 0.187 0.188 0.184)  0.187 0.205 0.199 0.207 0.214 0.218 0.212 0.214 0.205 0.229 0.227 0.176 0.179 0.196 0.188 0.197 0.185 0.184 0.177 0.224 0.196 0.222 0.215 0.232 0.224 0.218 0.188 0.238 0.229 0.230 0.215 0.213 0.211 0.216 0.248 0.220 0.205 0.199 0.216 0.160 0.182 0.186 0.172 0.165 0.152 0.174 0.171 0.155 0.180 0.182 0.181 0.171 0.163 0.138 0.152 0.141 0.138 0.145 0.190 0.196 0.208 0.202 0.190 0.208 0.196 0.197 0.220 0.198 0.208 0.218 0.212 0.196 0.217 0.214 0.212 0.230 0.216 0.185 0.200 0.196 0.200 0.208 0.198 0.196 0.185 0.184 0.187 0.188 0.184)  0.252 0.179 0.205 0.171 0.143 0.128 0.151 0.143 0.178 0.085 0.091 0.296 0.283 0.216 0.247 0.211 0.261 0.263 0.293 0.104 0.217 0.111 0.141 0.071 0.105 0.126 0.249 0.048 0.085 0.081 0.138 0.148 0.155 0.134 0.006 0.121 0.179 0.203 0.137 0.358 0.274 0.254 0.313 0.341 0.392 0.306 0.314 0.382 0.282 0.273 0.278 0.315 0.347 0.446 0.390 0.438 0.450 0.419 0.241 0.216 0.169 0.192 0.242 0.167 0.216 0.212 0.118 0.208 0.168 0.128 0.151 0.217 0.131 0.144 0.153 0.079 0.137 0.258 0.201 0.216 0.199 0.166 0.208 0.216 0.262 0.264 0.251 0.247 0.264)  
Brain region: V1: 1833035 neurons, mHV: 1108860 neurons, lHV: 495318 neurons, aHV: 668180 neurons  
Data verification complete.
