Data format warnings:
  - Session 1, trial 159: all neural data is zero
  - Session 122, trial 624: all neural data is zero
Number of sessions: 173
Total number of trials: 90860
Number of trials per session: [368, 160, 518, 206, 520, 531, 501, 660, 521, 520, 530, 583, 437, 525, 521, 571, 443, 444, 481, 440, 530, 581, 602, 439, 684, 540, 460, 281, 501, 692, 660, 800, 660, 690, 430, 661, 561, 611, 505, 750, 580, 550, 524, 569, 542, 513, 426, 378, 389, 429, 415, 458, 444, 402, 397, 577, 552, 488, 466, 665, 424, 544, 498, 435, 493, 421, 470, 454, 405, 482, 635, 519, 600, 494, 470, 320, 527, 530, 626, 461, 530, 580, 640, 410, 450, 264, 440, 520, 470, 666, 700, 530, 540, 490, 500, 540, 610, 560, 500, 520, 720, 540, 624, 680, 515, 479, 494, 475, 513, 469, 533, 312, 439, 362, 568, 553, 561, 496, 535, 548, 622, 520, 625, 600, 601, 540, 504, 620, 665, 553, 450, 570, 476, 542, 445, 617, 419, 534, 503, 484, 627, 656, 644, 695, 638, 588, 625, 518, 509, 479, 399, 476, 531, 565, 407, 523, 537, 471, 640, 479, 522, 590, 518, 631, 560, 501, 608, 662, 547, 491, 689, 452, 626]
Number of subjects: 28
Number of brain regions: 166
Number of sessions per subject:
  Subject 440956: 4 sessions
  Subject 440957: 4 sessions
  Subject 440958: 4 sessions
  Subject 440959: 8 sessions
  Subject 441666: 5 sessions
  Subject 442571: 5 sessions
  Subject 449141: 6 sessions
  Subject 455219: 4 sessions
  Subject 455220: 6 sessions
  Subject 456772: 10 sessions
  Subject 456773: 4 sessions
  Subject 456774: 3 sessions
  Subject 460432: 4 sessions
  Subject 460434: 4 sessions
  Subject 460436: 4 sessions
  Subject 479121: 6 sessions
  Subject 479149: 7 sessions
  Subject 480133: 9 sessions
  Subject 480134: 7 sessions
  Subject 480135: 7 sessions
  Subject 480927: 10 sessions
  Subject 480928: 9 sessions
  Subject 484672: 6 sessions
  Subject 484673: 9 sessions
  Subject 484674: 9 sessions
  Subject 484675: 6 sessions
  Subject 484676: 7 sessions
  Subject 484677: 6 sessions
Input dimension: 2
Output dimension: 4
Summary statistics (across all sessions):
  T: mean: 80.00, min: 80, max: 80
  n_neurons: mean: 401.46', min: 90, max: 923
  Input range:
    time_from_tone_onset: [-1.5, 11.9]
    photostim: [0.0, 1.0]
  Output range:
    choice: [0.0, 2.0]
    outcome: [0.0, 2.0]
    early_lick: [0.0, 1.0]
    tongue_y_position: [0.0, 3.0]
  Unique outputs per dimension (fraction of data):
    choice: {left (0.429), right (0.422), no lick (0.149)}
    outcome: {ignore (0.149), miss (0.166), hit (0.684)}
    early_lick: {no (0.885), yes (0.115)}
    tongue_y_position: {below 40th pct (0.097), 40th to 60th pct (0.051), above 60th pct (0.103), not visible (0.750)}
  Brain region distribution:
    accessory olfactory bulb: 3 neurons
    agranular insular area: 734 neurons
    anterior amygdalar area: 16 neurons
    anterior cingulate area: 38 neurons
    anterior olfactory nucleus: 2037 neurons
    anterior pretectal nucleus: 714 neurons
    anterodorsal nucleus: 53 neurons
    anteromedial nucleus: 153 neurons
    anteromedial visual area: 1 neurons
    anteroventral nucleus of thalamus: 339 neurons
    basolateral amygdalar nucleus: 387 neurons
    basomedial amygdalar nucleus: 72 neurons
    bed nuclei of the stria terminalis: 91 neurons
    caudoputamen: 6743 neurons
    central amygdalar nucleus: 292 neurons
    central lateral nucleus of the thalamus: 467 neurons
    central medial nucleus of the thalamus: 261 neurons
    cerebellum: 85 neurons
    claustrum: 221 neurons
    copula pyramidis: 169 neurons
    cortical subplate: 87 neurons
    crus 1: 20 neurons
    crus 2: 6 neurons
    declive (vi): 32 neurons
    dentate gyrus: 392 neurons
    dorsal auditory area: 148 neurons
    dorsal motor nucleus of the vagus nerve: 31 neurons
    dorsal part of the lateral geniculate complex: 49 neurons
    dorsal peduncular area: 1 neurons
    dorsal terminal nucleus of the accessory optic tract: 4 neurons
    ectorhinal area: 215 neurons
    endopiriform nucleus: 1088 neurons
    entorhinal area: 49 neurons
    external cuneate nucleus: 34 neurons
    facial motor nucleus: 72 neurons
    fastigial nucleus: 25 neurons
    field ca1: 612 neurons
    field ca2: 59 neurons
    field ca3: 202 neurons
    fields of forel: 114 neurons
    frontal pole: 1855 neurons
    fundus of striatum: 132 neurons
    gigantocellular reticular nucleus: 704 neurons
    globus pallidus: 606 neurons
    gustatory areas: 232 neurons
    hippocampal formation: 6 neurons
    hypoglossal nucleus: 13 neurons
    hypothalamus: 94 neurons
    inferior colliculus: 64 neurons
    inferior olivary complex: 106 neurons
    infracerebellar nucleus: 3 neurons
    infralimbic area: 11 neurons
    interanterodorsal nucleus of the thalamus: 48 neurons
    intercalated amygdalar nucleus: 98 neurons
    intermediate reticular nucleus: 279 neurons
    intermediodorsal nucleus of the thalamus: 104 neurons
    interposed nucleus: 73 neurons
    koelliker-fuse subnucleus: 1 neurons
    lateral amygdalar nucleus: 93 neurons
    lateral dorsal nucleus of thalamus: 880 neurons
    lateral habenula: 232 neurons
    lateral hypothalamic area: 48 neurons
    lateral posterior nucleus of the thalamus: 943 neurons
    lateral preoptic area: 8 neurons
    lateral reticular nucleus: 12 neurons
    lateral septal nucleus: 10 neurons
    lateral vestibular nucleus: 63 neurons
    lingula (i): 2 neurons
    lobule ii: 60 neurons
    lobule iii: 263 neurons
    lobules iv-v: 466 neurons
    locus ceruleus: 4 neurons
    magnocellular reticular nucleus: 275 neurons
    medial amygdalar nucleus: 2 neurons
    medial geniculate complex: 150 neurons
    medial habenula: 47 neurons
    medial terminal nucleus of the accessory optic tract: 1 neurons
    medial vestibular nucleus: 248 neurons
    mediodorsal nucleus of thalamus: 2281 neurons
    medulla: 332 neurons
    medullary reticular nucleus: 72 neurons
    midbrain: 1002 neurons
    midbrain reticular nucleus: 2276 neurons
    nodulus (x): 179 neurons
    nucleus accumbens: 33 neurons
    nucleus of roller: 1 neurons
    nucleus of the brachium of the inferior colliculus: 17 neurons
    nucleus of the lateral lemniscus: 10 neurons
    nucleus of the optic tract: 29 neurons
    nucleus of the solitary tract: 34 neurons
    nucleus raphe magnus: 13 neurons
    nucleus raphe obscurus: 4 neurons
    nucleus sagulum: 20 neurons
    nucleus x: 4 neurons
    olfactory areas: 982 neurons
    olfactory tubercle: 2 neurons
    orbital area: 10223 neurons
    pallidum: 181 neurons
    parabrachial nucleus: 17 neurons
    paracentral nucleus: 591 neurons
    parafascicular nucleus: 225 neurons
    paragigantocellular reticular nucleus: 84 neurons
    paramedian lobule: 40 neurons
    parapyramidal nucleus: 7 neurons
    parasolitary nucleus: 9 neurons
    parasubthalamic nucleus: 9 neurons
    paraventricular hypothalamic nucleus: 10 neurons
    paraventricular nucleus of the thalamus: 31 neurons
    parvicellular reticular nucleus: 190 neurons
    pedunculopontine nucleus: 121 neurons
    periaqueductal gray: 2 neurons
    peripeduncular nucleus: 5 neurons
    perireunensis nucleus: 24 neurons
    perirhinal area: 29 neurons
    piriform area: 1107 neurons
    pons: 51 neurons
    pontine reticular nucleus: 259 neurons
    posterior amygdalar nucleus: 12 neurons
    posterior complex of the thalamus: 1482 neurons
    posterior hypothalamic nucleus: 24 neurons
    posterior limiting nucleus of the thalamus: 252 neurons
    posterior pretectal nucleus: 34 neurons
    posteromedial visual area: 14 neurons
    postsubiculum: 428 neurons
    prelimbic area: 266 neurons
    primary auditory area: 1 neurons
    primary motor area: 539 neurons
    primary somatosensory area: 2430 neurons
    primary visual area: 23 neurons
    pyramus (viii): 8 neurons
    red nucleus: 266 neurons
    reticular nucleus of the thalamus: 301 neurons
    retrosplenial area: 417 neurons
    rhomboid nucleus: 53 neurons
    secondary motor area: 7346 neurons
    septofimbrial nucleus: 8 neurons
    simple lobule: 313 neurons
    spinal nucleus of the trigeminal: 235 neurons
    spinal vestibular nucleus: 34 neurons
    striatum: 328 neurons
    subiculum: 196 neurons
    submedial nucleus of the thalamus: 248 neurons
    subparafascicular area: 23 neurons
    subparafascicular nucleus: 55 neurons
    substantia innominata: 212 neurons
    substantia nigra: 422 neurons
    subthalamic nucleus: 28 neurons
    superior colliculus: 2488 neurons
    superior vestibular nucleus: 69 neurons
    supplemental somatosensory area: 1379 neurons
    suprageniculate nucleus: 106 neurons
    taenia tecta: 7 neurons
    tegmental reticular nucleus: 5 neurons
    temporal association areas: 195 neurons
    thalamus: 328 neurons
    triangular nucleus of septum: 2 neurons
    tuberomammillary nucleus: 16 neurons
    uvula (ix): 79 neurons
    ventral anterior-lateral complex of the thalamus: 1283 neurons
    ventral auditory area: 160 neurons
    ventral medial nucleus of the thalamus: 727 neurons
    ventral posterolateral nucleus of the thalamus: 271 neurons
    ventral posteromedial nucleus of the thalamus: 796 neurons
    ventral tegmental area: 35 neurons
    visceral area: 187 neurons
    zona incerta: 464 neurons

Per-session statistics:
  Mean T: 80.0, 80.0, 80.0, 80.0, 80.0, 80.0, 80.0, 80.0, 80.0, 80.0, 80.0, 80.0, 80.0, 80.0, 80.0, 80.0, 80.0, 80.0, 80.0, 80.0, 80.0, 80.0, 80.0, 80.0, 80.0, 80.0, 80.0, 80.0, 80.0, 80.0, 80.0, 80.0, 80.0, 80.0, 80.0, 80.0, 80.0, 80.0, 80.0, 80.0, 80.0, 80.0, 80.0, 80.0, 80.0, 80.0, 80.0, 80.0, 80.0, 80.0, 80.0, 80.0, 80.0, 80.0, 80.0, 80.0, 80.0, 80.0, 80.0, 80.0, 80.0, 80.0, 80.0, 80.0, 80.0, 80.0, 80.0, 80.0, 80.0, 80.0, 80.0, 80.0, 80.0, 80.0, 80.0, 80.0, 80.0, 80.0, 80.0, 80.0, 80.0, 80.0, 80.0, 80.0, 80.0, 80.0, 80.0, 80.0, 80.0, 80.0, 80.0, 80.0, 80.0, 80.0, 80.0, 80.0, 80.0, 80.0, 80.0, 80.0, 80.0, 80.0, 80.0, 80.0, 80.0, 80.0, 80.0, 80.0, 80.0, 80.0, 80.0, 80.0, 80.0, 80.0, 80.0, 80.0, 80.0, 80.0, 80.0, 80.0, 80.0, 80.0, 80.0, 80.0, 80.0, 80.0, 80.0, 80.0, 80.0, 80.0, 80.0, 80.0, 80.0, 80.0, 80.0, 80.0, 80.0, 80.0, 80.0, 80.0, 80.0, 80.0, 80.0, 80.0, 80.0, 80.0, 80.0, 80.0, 80.0, 80.0, 80.0, 80.0, 80.0, 80.0, 80.0, 80.0, 80.0, 80.0, 80.0, 80.0, 80.0, 80.0, 80.0, 80.0, 80.0, 80.0, 80.0, 80.0, 80.0, 80.0, 80.0, 80.0, 80.0
  Min T: 80, 80, 80, 80, 80, 80, 80, 80, 80, 80, 80, 80, 80, 80, 80, 80, 80, 80, 80, 80, 80, 80, 80, 80, 80, 80, 80, 80, 80, 80, 80, 80, 80, 80, 80, 80, 80, 80, 80, 80, 80, 80, 80, 80, 80, 80, 80, 80, 80, 80, 80, 80, 80, 80, 80, 80, 80, 80, 80, 80, 80, 80, 80, 80, 80, 80, 80, 80, 80, 80, 80, 80, 80, 80, 80, 80, 80, 80, 80, 80, 80, 80, 80, 80, 80, 80, 80, 80, 80, 80, 80, 80, 80, 80, 80, 80, 80, 80, 80, 80, 80, 80, 80, 80, 80, 80, 80, 80, 80, 80, 80, 80, 80, 80, 80, 80, 80, 80, 80, 80, 80, 80, 80, 80, 80, 80, 80, 80, 80, 80, 80, 80, 80, 80, 80, 80, 80, 80, 80, 80, 80, 80, 80, 80, 80, 80, 80, 80, 80, 80, 80, 80, 80, 80, 80, 80, 80, 80, 80, 80, 80, 80, 80, 80, 80, 80, 80, 80, 80, 80, 80, 80, 80
  Max T: 80, 80, 80, 80, 80, 80, 80, 80, 80, 80, 80, 80, 80, 80, 80, 80, 80, 80, 80, 80, 80, 80, 80, 80, 80, 80, 80, 80, 80, 80, 80, 80, 80, 80, 80, 80, 80, 80, 80, 80, 80, 80, 80, 80, 80, 80, 80, 80, 80, 80, 80, 80, 80, 80, 80, 80, 80, 80, 80, 80, 80, 80, 80, 80, 80, 80, 80, 80, 80, 80, 80, 80, 80, 80, 80, 80, 80, 80, 80, 80, 80, 80, 80, 80, 80, 80, 80, 80, 80, 80, 80, 80, 80, 80, 80, 80, 80, 80, 80, 80, 80, 80, 80, 80, 80, 80, 80, 80, 80, 80, 80, 80, 80, 80, 80, 80, 80, 80, 80, 80, 80, 80, 80, 80, 80, 80, 80, 80, 80, 80, 80, 80, 80, 80, 80, 80, 80, 80, 80, 80, 80, 80, 80, 80, 80, 80, 80, 80, 80, 80, 80, 80, 80, 80, 80, 80, 80, 80, 80, 80, 80, 80, 80, 80, 80, 80, 80, 80, 80, 80, 80, 80, 80
  n_neurons: 459, 375, 205, 552, 526, 505, 192, 169, 347, 342, 432, 367, 214, 160, 383, 452, 537, 396, 391, 292, 300, 290, 314, 501, 278, 279, 603, 433, 425, 436, 553, 499, 571, 533, 675, 496, 498, 530, 463, 599, 224, 478, 488, 427, 433, 428, 106, 157, 217, 194, 344, 253, 343, 477, 332, 442, 452, 272, 414, 346, 532, 279, 178, 259, 322, 368, 184, 156, 150, 190, 141, 365, 254, 323, 269, 605, 378, 537, 374, 322, 90, 110, 180, 233, 459, 480, 304, 328, 148, 237, 371, 439, 639, 618, 205, 523, 555, 532, 420, 683, 480, 495, 675, 749, 630, 733, 765, 538, 502, 257, 219, 477, 376, 516, 688, 350, 219, 469, 366, 483, 268, 432, 358, 407, 509, 650, 731, 923, 724, 850, 256, 385, 213, 330, 492, 215, 486, 633, 497, 532, 285, 227, 342, 430, 390, 308, 298, 638, 208, 452, 238, 206, 404, 269, 365, 393, 483, 288, 325, 182, 537, 473, 302, 317, 530, 437, 339, 445, 390, 308, 787, 472, 368
  Input range:
    0: [-0.6, 5.7] [-0.6, 5.5] [-0.6, 4.5] [-0.6, 4.1] [-0.6, 5.3] [-0.6, 5.0] [-0.6, 4.7] [-0.6, 5.7] [-0.6, 5.0] [-0.6, 7.1] [-0.6, 7.2] [-0.6, 6.2] [-0.6, 5.9] [-0.6, 9.5] [-0.6, 7.2] [-0.6, 7.4] [-0.6, 6.1] [-0.6, 5.1] [-0.6, 6.0] [-0.6, 5.1] [-0.6, 4.5] [-0.6, 5.9] [-0.6, 5.7] [-0.6, 6.1] [-0.6, 7.1] [-0.6, 4.9] [-0.6, 5.8] [-0.6, 5.1] [-0.6, 5.7] [-0.6, 5.1] [-0.6, 6.2] [-0.6, 7.6] [-0.6, 5.6] [-0.6, 5.6] [-0.6, 5.3] [-0.6, 4.4] [-0.6, 6.2] [-0.6, 6.3] [-0.6, 5.7] [-0.6, 6.7] [-0.6, 6.0] [-0.6, 6.3] [-0.6, 6.3] [-0.6, 6.9] [-0.6, 6.3] [-0.6, 6.9] [-1.5, 5.8] [-1.5, 5.8] [-1.5, 7.4] [-1.5, 5.1] [-1.5, 5.5] [-1.5, 5.8] [-1.5, 4.9] [-1.5, 5.6] [-1.5, 5.8] [-1.5, 6.8] [-1.5, 6.0] [-1.5, 9.4] [-1.5, 5.8] [-1.5, 6.3] [-1.5, 9.7] [-1.5, 4.8] [-1.5, 5.5] [-1.5, 5.3] [-1.5, 5.0] [-1.5, 5.7] [-1.5, 7.0] [-1.5, 5.4] [-1.5, 6.7] [-1.5, 7.9] [-1.5, 6.6] [-1.5, 6.6] [-1.5, 9.1] [-1.5, 7.2] [-1.5, 5.7] [-1.5, 5.8] [-1.5, 5.4] [-1.5, 5.9] [-1.5, 5.7] [-1.5, 4.8] [-1.5, 4.3] [-1.5, 5.8] [-1.5, 8.4] [-1.5, 6.3] [-1.5, 7.5] [-1.5, 8.2] [-1.5, 6.6] [-1.5, 6.6] [-1.5, 5.0] [-1.5, 5.5] [-1.5, 7.1] [-1.5, 7.3] [-1.5, 4.8] [-1.5, 9.2] [-1.5, 6.4] [-1.5, 7.6] [-1.5, 6.9] [-1.5, 5.0] [-1.5, 5.7] [-1.5, 5.8] [-1.5, 6.6] [-1.5, 6.3] [-1.5, 6.5] [-1.5, 6.5] [-1.5, 8.0] [-1.5, 5.6] [-1.5, 5.2] [-1.5, 5.3] [-1.5, 5.9] [-1.5, 6.1] [-1.5, 7.6] [-1.5, 5.3] [-1.5, 5.5] [-1.5, 5.5] [-1.5, 6.6] [-1.5, 6.5] [-1.5, 6.8] [-1.5, 8.4] [-1.5, 7.3] [-1.5, 11.9] [-1.5, 9.3] [-1.5, 5.8] [-1.5, 5.7] [-1.5, 5.5] [-1.5, 5.8] [-1.5, 6.8] [-1.5, 5.9] [-1.5, 4.7] [-1.5, 5.3] [-1.5, 5.1] [-1.5, 6.6] [-1.5, 5.8] [-1.5, 5.5] [-1.5, 6.3] [-1.5, 5.0] [-1.5, 6.2] [-1.5, 3.9] [-1.5, 5.4] [-1.5, 6.0] [-1.5, 5.5] [-1.5, 6.2] [-1.5, 6.7] [-1.5, 6.2] [-1.5, 6.1] [-1.5, 6.7] [-1.5, 7.4] [-1.5, 8.2] [-1.5, 6.9] [-1.5, 8.0] [-1.5, 7.3] [-1.5, 8.8] [-1.5, 5.1] [-1.5, 9.7] [-1.5, 7.2] [-1.5, 7.2] [-1.5, 5.8] [-1.5, 5.7] [-1.5, 5.8] [-1.5, 6.7] [-1.5, 6.2] [-1.5, 5.3] [-1.5, 7.0] [-1.5, 5.6] [-1.5, 6.2] [-1.5, 5.8] [-1.5, 5.9] [-1.5, 6.4] [-1.5, 6.2] [-1.5, 8.2] [-1.5, 5.6] [-1.5, 6.1] [-1.5, 6.8] [-1.5, 7.1] 
    1: [0.0, 1.0] [0.0, 1.0] [0.0, 1.0] [0.0, 1.0] [0.0, 1.0] [0.0, 1.0] [0.0, 1.0] [0.0, 1.0] [0.0, 1.0] [0.0, 1.0] [0.0, 1.0] [0.0, 1.0] [0.0, 1.0] [0.0, 1.0] [0.0, 1.0] [0.0, 0.0] [0.0, 1.0] [0.0, 1.0] [0.0, 1.0] [0.0, 1.0] [0.0, 1.0] [0.0, 1.0] [0.0, 1.0] [0.0, 1.0] [0.0, 1.0] [0.0, 1.0] [0.0, 1.0] [0.0, 1.0] [0.0, 1.0] [0.0, 1.0] [0.0, 1.0] [0.0, 1.0] [0.0, 1.0] [0.0, 1.0] [0.0, 1.0] [0.0, 1.0] [0.0, 1.0] [0.0, 1.0] [0.0, 1.0] [0.0, 1.0] [0.0, 1.0] [0.0, 1.0] [0.0, 1.0] [0.0, 1.0] [0.0, 1.0] [0.0, 1.0] [0.0, 1.0] [0.0, 1.0] [0.0, 1.0] [0.0, 1.0] [0.0, 1.0] [0.0, 1.0] [0.0, 1.0] [0.0, 1.0] [0.0, 1.0] [0.0, 1.0] [0.0, 1.0] [0.0, 1.0] [0.0, 1.0] [0.0, 1.0] [0.0, 1.0] [0.0, 1.0] [0.0, 1.0] [0.0, 1.0] [0.0, 1.0] [0.0, 1.0] [0.0, 1.0] [0.0, 1.0] [0.0, 1.0] [0.0, 1.0] [0.0, 1.0] [0.0, 1.0] [0.0, 1.0] [0.0, 1.0] [0.0, 1.0] [0.0, 1.0] [0.0, 1.0] [0.0, 1.0] [0.0, 1.0] [0.0, 1.0] [0.0, 1.0] [0.0, 0.0] [0.0, 1.0] [0.0, 0.0] [0.0, 0.0] [0.0, 1.0] [0.0, 1.0] [0.0, 1.0] [0.0, 0.0] [0.0, 1.0] [0.0, 1.0] [0.0, 0.0] [0.0, 1.0] [0.0, 1.0] [0.0, 1.0] [0.0, 1.0] [0.0, 1.0] [0.0, 1.0] [0.0, 1.0] [0.0, 1.0] [0.0, 1.0] [0.0, 1.0] [0.0, 1.0] [0.0, 1.0] [0.0, 1.0] [0.0, 1.0] [0.0, 1.0] [0.0, 1.0] [0.0, 1.0] [0.0, 1.0] [0.0, 1.0] [0.0, 1.0] [0.0, 1.0] [0.0, 1.0] [0.0, 1.0] [0.0, 1.0] [0.0, 1.0] [0.0, 1.0] [0.0, 1.0] [0.0, 1.0] [0.0, 1.0] [0.0, 1.0] [0.0, 1.0] [0.0, 1.0] [0.0, 1.0] [0.0, 1.0] [0.0, 1.0] [0.0, 1.0] [0.0, 1.0] [0.0, 1.0] [0.0, 1.0] [0.0, 1.0] [0.0, 1.0] [0.0, 1.0] [0.0, 1.0] [0.0, 1.0] [0.0, 1.0] [0.0, 1.0] [0.0, 1.0] [0.0, 1.0] [0.0, 1.0] [0.0, 1.0] [0.0, 1.0] [0.0, 1.0] [0.0, 1.0] [0.0, 1.0] [0.0, 1.0] [0.0, 1.0] [0.0, 1.0] [0.0, 1.0] [0.0, 1.0] [0.0, 1.0] [0.0, 1.0] [0.0, 1.0] [0.0, 1.0] [0.0, 1.0] [0.0, 1.0] [0.0, 1.0] [0.0, 1.0] [0.0, 1.0] [0.0, 1.0] [0.0, 1.0] [0.0, 1.0] [0.0, 1.0] [0.0, 1.0] [0.0, 1.0] [0.0, 1.0] [0.0, 1.0] [0.0, 1.0] [0.0, 1.0] [0.0, 1.0] [0.0, 1.0] [0.0, 1.0] 
  Output range:
    0: [0.0, 2.0] [0.0, 2.0] [0.0, 2.0] [0.0, 2.0] [0.0, 2.0] [0.0, 2.0] [0.0, 2.0] [0.0, 2.0] [0.0, 2.0] [0.0, 2.0] [0.0, 2.0] [0.0, 1.0] [0.0, 2.0] [0.0, 2.0] [0.0, 2.0] [0.0, 2.0] [0.0, 2.0] [0.0, 2.0] [0.0, 2.0] [0.0, 2.0] [0.0, 2.0] [0.0, 2.0] [0.0, 2.0] [0.0, 2.0] [0.0, 2.0] [0.0, 2.0] [0.0, 2.0] [0.0, 2.0] [0.0, 2.0] [0.0, 2.0] [0.0, 2.0] [0.0, 2.0] [0.0, 2.0] [0.0, 2.0] [0.0, 2.0] [0.0, 2.0] [0.0, 2.0] [0.0, 2.0] [0.0, 2.0] [0.0, 2.0] [0.0, 2.0] [0.0, 2.0] [0.0, 2.0] [0.0, 2.0] [0.0, 2.0] [0.0, 2.0] [0.0, 2.0] [0.0, 2.0] [0.0, 2.0] [0.0, 2.0] [0.0, 2.0] [0.0, 2.0] [0.0, 2.0] [0.0, 2.0] [0.0, 2.0] [0.0, 2.0] [0.0, 2.0] [0.0, 2.0] [0.0, 2.0] [0.0, 2.0] [0.0, 2.0] [0.0, 2.0] [0.0, 2.0] [0.0, 2.0] [0.0, 2.0] [0.0, 2.0] [0.0, 2.0] [0.0, 2.0] [0.0, 2.0] [0.0, 2.0] [0.0, 2.0] [0.0, 2.0] [0.0, 2.0] [0.0, 2.0] [0.0, 2.0] [0.0, 2.0] [0.0, 2.0] [0.0, 2.0] [0.0, 2.0] [0.0, 2.0] [0.0, 2.0] [0.0, 2.0] [0.0, 2.0] [0.0, 2.0] [0.0, 2.0] [0.0, 2.0] [0.0, 2.0] [0.0, 2.0] [0.0, 2.0] [0.0, 2.0] [0.0, 2.0] [0.0, 2.0] [0.0, 2.0] [0.0, 2.0] [0.0, 2.0] [0.0, 2.0] [0.0, 2.0] [0.0, 2.0] [0.0, 2.0] [0.0, 2.0] [0.0, 2.0] [0.0, 2.0] [0.0, 2.0] [0.0, 2.0] [0.0, 2.0] [0.0, 2.0] [0.0, 2.0] [0.0, 2.0] [0.0, 2.0] [0.0, 2.0] [0.0, 2.0] [0.0, 2.0] [0.0, 2.0] [0.0, 2.0] [0.0, 2.0] [0.0, 2.0] [0.0, 2.0] [0.0, 2.0] [0.0, 2.0] [0.0, 2.0] [0.0, 2.0] [0.0, 2.0] [0.0, 2.0] [0.0, 2.0] [0.0, 2.0] [0.0, 2.0] [0.0, 2.0] [0.0, 2.0] [0.0, 2.0] [0.0, 2.0] [0.0, 2.0] [0.0, 2.0] [0.0, 2.0] [0.0, 2.0] [0.0, 2.0] [0.0, 2.0] [0.0, 2.0] [0.0, 2.0] [0.0, 2.0] [0.0, 2.0] [0.0, 2.0] [0.0, 2.0] [0.0, 2.0] [0.0, 2.0] [0.0, 2.0] [0.0, 2.0] [0.0, 2.0] [0.0, 2.0] [0.0, 2.0] [0.0, 2.0] [0.0, 2.0] [0.0, 2.0] [0.0, 2.0] [0.0, 2.0] [0.0, 2.0] [0.0, 2.0] [0.0, 2.0] [0.0, 2.0] [0.0, 2.0] [0.0, 2.0] [0.0, 2.0] [0.0, 2.0] [0.0, 2.0] [0.0, 2.0] [0.0, 2.0] [0.0, 2.0] [0.0, 2.0] [0.0, 2.0] [0.0, 2.0] [0.0, 2.0] [0.0, 2.0] [0.0, 2.0] [0.0, 2.0] 
    1: [0.0, 2.0] [0.0, 2.0] [0.0, 2.0] [0.0, 2.0] [0.0, 2.0] [0.0, 2.0] [0.0, 2.0] [0.0, 2.0] [0.0, 2.0] [0.0, 2.0] [0.0, 2.0] [1.0, 2.0] [0.0, 2.0] [0.0, 2.0] [0.0, 2.0] [0.0, 2.0] [0.0, 2.0] [0.0, 2.0] [0.0, 2.0] [0.0, 2.0] [0.0, 2.0] [0.0, 2.0] [0.0, 2.0] [0.0, 2.0] [0.0, 2.0] [0.0, 2.0] [0.0, 2.0] [0.0, 2.0] [0.0, 2.0] [0.0, 2.0] [0.0, 2.0] [0.0, 2.0] [0.0, 2.0] [0.0, 2.0] [0.0, 2.0] [0.0, 2.0] [0.0, 2.0] [0.0, 2.0] [0.0, 2.0] [0.0, 2.0] [0.0, 2.0] [0.0, 2.0] [0.0, 2.0] [0.0, 2.0] [0.0, 2.0] [0.0, 2.0] [0.0, 2.0] [0.0, 2.0] [0.0, 2.0] [0.0, 2.0] [0.0, 2.0] [0.0, 2.0] [0.0, 2.0] [0.0, 2.0] [0.0, 2.0] [0.0, 2.0] [0.0, 2.0] [0.0, 2.0] [0.0, 2.0] [0.0, 2.0] [0.0, 2.0] [0.0, 2.0] [0.0, 2.0] [0.0, 2.0] [0.0, 2.0] [0.0, 2.0] [0.0, 2.0] [0.0, 2.0] [0.0, 2.0] [0.0, 2.0] [0.0, 2.0] [0.0, 2.0] [0.0, 2.0] [0.0, 2.0] [0.0, 2.0] [0.0, 2.0] [0.0, 2.0] [0.0, 2.0] [0.0, 2.0] [0.0, 2.0] [0.0, 2.0] [0.0, 2.0] [0.0, 2.0] [0.0, 2.0] [0.0, 2.0] [0.0, 2.0] [0.0, 2.0] [0.0, 2.0] [0.0, 2.0] [0.0, 2.0] [0.0, 2.0] [0.0, 2.0] [0.0, 2.0] [0.0, 2.0] [0.0, 2.0] [0.0, 2.0] [0.0, 2.0] [0.0, 2.0] [0.0, 2.0] [0.0, 2.0] [0.0, 2.0] [0.0, 2.0] [0.0, 2.0] [0.0, 2.0] [0.0, 2.0] [0.0, 2.0] [0.0, 2.0] [0.0, 2.0] [0.0, 2.0] [0.0, 2.0] [0.0, 2.0] [0.0, 2.0] [0.0, 2.0] [0.0, 2.0] [0.0, 2.0] [0.0, 2.0] [0.0, 2.0] [0.0, 2.0] [0.0, 2.0] [0.0, 2.0] [0.0, 2.0] [0.0, 2.0] [0.0, 2.0] [0.0, 2.0] [0.0, 2.0] [0.0, 2.0] [0.0, 2.0] [0.0, 2.0] [0.0, 2.0] [0.0, 2.0] [0.0, 2.0] [0.0, 2.0] [0.0, 2.0] [0.0, 2.0] [0.0, 2.0] [0.0, 2.0] [0.0, 2.0] [0.0, 2.0] [0.0, 2.0] [0.0, 2.0] [0.0, 2.0] [0.0, 2.0] [0.0, 2.0] [0.0, 2.0] [0.0, 2.0] [0.0, 2.0] [0.0, 2.0] [0.0, 2.0] [0.0, 2.0] [0.0, 2.0] [0.0, 2.0] [0.0, 2.0] [0.0, 2.0] [0.0, 2.0] [0.0, 2.0] [0.0, 2.0] [0.0, 2.0] [0.0, 2.0] [0.0, 2.0] [0.0, 2.0] [0.0, 2.0] [0.0, 2.0] [0.0, 2.0] [0.0, 2.0] [0.0, 2.0] [0.0, 2.0] [0.0, 2.0] [0.0, 2.0] [0.0, 2.0] [0.0, 2.0] [0.0, 2.0] [0.0, 2.0] [0.0, 2.0] 
    2: [0.0, 1.0] [0.0, 1.0] [0.0, 1.0] [0.0, 1.0] [0.0, 1.0] [0.0, 1.0] [0.0, 1.0] [0.0, 1.0] [0.0, 1.0] [0.0, 1.0] [0.0, 1.0] [0.0, 1.0] [0.0, 1.0] [0.0, 1.0] [0.0, 1.0] [0.0, 0.0] [0.0, 1.0] [0.0, 1.0] [0.0, 1.0] [0.0, 1.0] [0.0, 1.0] [0.0, 1.0] [0.0, 1.0] [0.0, 1.0] [0.0, 1.0] [0.0, 1.0] [0.0, 1.0] [0.0, 1.0] [0.0, 1.0] [0.0, 1.0] [0.0, 1.0] [0.0, 1.0] [0.0, 1.0] [0.0, 1.0] [0.0, 1.0] [0.0, 1.0] [0.0, 1.0] [0.0, 1.0] [0.0, 1.0] [0.0, 1.0] [0.0, 1.0] [0.0, 1.0] [0.0, 1.0] [0.0, 1.0] [0.0, 1.0] [0.0, 1.0] [0.0, 1.0] [0.0, 1.0] [0.0, 1.0] [0.0, 1.0] [0.0, 1.0] [0.0, 1.0] [0.0, 1.0] [0.0, 1.0] [0.0, 1.0] [0.0, 1.0] [0.0, 1.0] [0.0, 1.0] [0.0, 1.0] [0.0, 1.0] [0.0, 1.0] [0.0, 1.0] [0.0, 1.0] [0.0, 1.0] [0.0, 1.0] [0.0, 1.0] [0.0, 1.0] [0.0, 1.0] [0.0, 1.0] [0.0, 1.0] [0.0, 1.0] [0.0, 1.0] [0.0, 1.0] [0.0, 1.0] [0.0, 1.0] [0.0, 1.0] [0.0, 1.0] [0.0, 1.0] [0.0, 1.0] [0.0, 1.0] [0.0, 1.0] [0.0, 0.0] [0.0, 1.0] [0.0, 1.0] [0.0, 1.0] [0.0, 1.0] [0.0, 1.0] [0.0, 1.0] [0.0, 0.0] [0.0, 1.0] [0.0, 1.0] [0.0, 1.0] [0.0, 1.0] [0.0, 1.0] [0.0, 1.0] [0.0, 1.0] [0.0, 1.0] [0.0, 1.0] [0.0, 1.0] [0.0, 1.0] [0.0, 1.0] [0.0, 1.0] [0.0, 1.0] [0.0, 1.0] [0.0, 1.0] [0.0, 1.0] [0.0, 1.0] [0.0, 1.0] [0.0, 1.0] [0.0, 1.0] [0.0, 1.0] [0.0, 1.0] [0.0, 1.0] [0.0, 1.0] [0.0, 1.0] [0.0, 1.0] [0.0, 1.0] [0.0, 1.0] [0.0, 1.0] [0.0, 1.0] [0.0, 1.0] [0.0, 1.0] [0.0, 1.0] [0.0, 1.0] [0.0, 1.0] [0.0, 1.0] [0.0, 1.0] [0.0, 1.0] [0.0, 1.0] [0.0, 1.0] [0.0, 1.0] [0.0, 1.0] [0.0, 1.0] [0.0, 1.0] [0.0, 1.0] [0.0, 1.0] [0.0, 1.0] [0.0, 1.0] [0.0, 1.0] [0.0, 1.0] [0.0, 1.0] [0.0, 1.0] [0.0, 1.0] [0.0, 1.0] [0.0, 1.0] [0.0, 1.0] [0.0, 1.0] [0.0, 1.0] [0.0, 1.0] [0.0, 1.0] [0.0, 1.0] [0.0, 1.0] [0.0, 1.0] [0.0, 1.0] [0.0, 1.0] [0.0, 1.0] [0.0, 1.0] [0.0, 1.0] [0.0, 1.0] [0.0, 1.0] [0.0, 1.0] [0.0, 1.0] [0.0, 1.0] [0.0, 1.0] [0.0, 1.0] [0.0, 1.0] [0.0, 1.0] [0.0, 1.0] [0.0, 1.0] [0.0, 1.0] [0.0, 1.0] [0.0, 1.0] [0.0, 1.0] 
    3: [0.0, 3.0] [0.0, 3.0] [0.0, 3.0] [0.0, 3.0] [0.0, 3.0] [0.0, 3.0] [0.0, 3.0] [0.0, 3.0] [0.0, 3.0] [0.0, 3.0] [0.0, 3.0] [0.0, 3.0] [0.0, 3.0] [0.0, 3.0] [0.0, 3.0] [0.0, 3.0] [0.0, 3.0] [0.0, 3.0] [0.0, 3.0] [0.0, 3.0] [0.0, 3.0] [0.0, 3.0] [0.0, 3.0] [0.0, 3.0] [0.0, 3.0] [0.0, 3.0] [0.0, 3.0] [0.0, 3.0] [0.0, 3.0] [0.0, 3.0] [0.0, 3.0] [0.0, 3.0] [0.0, 3.0] [0.0, 3.0] [0.0, 3.0] [0.0, 3.0] [0.0, 3.0] [0.0, 3.0] [0.0, 3.0] [0.0, 3.0] [0.0, 3.0] [0.0, 3.0] [0.0, 3.0] [0.0, 3.0] [0.0, 3.0] [0.0, 3.0] [0.0, 3.0] [0.0, 3.0] [0.0, 3.0] [0.0, 3.0] [0.0, 3.0] [0.0, 3.0] [0.0, 3.0] [0.0, 3.0] [0.0, 3.0] [0.0, 3.0] [0.0, 3.0] [0.0, 3.0] [0.0, 3.0] [0.0, 3.0] [0.0, 3.0] [0.0, 3.0] [0.0, 3.0] [0.0, 3.0] [0.0, 3.0] [0.0, 3.0] [0.0, 3.0] [0.0, 3.0] [0.0, 3.0] [0.0, 3.0] [0.0, 3.0] [0.0, 3.0] [0.0, 3.0] [0.0, 3.0] [0.0, 3.0] [0.0, 3.0] [0.0, 3.0] [0.0, 3.0] [0.0, 3.0] [0.0, 3.0] [0.0, 3.0] [0.0, 3.0] [0.0, 3.0] [0.0, 3.0] [0.0, 3.0] [0.0, 3.0] [0.0, 3.0] [0.0, 3.0] [0.0, 3.0] [0.0, 3.0] [0.0, 3.0] [0.0, 3.0] [0.0, 3.0] [0.0, 3.0] [0.0, 3.0] [0.0, 3.0] [0.0, 3.0] [0.0, 3.0] [0.0, 3.0] [0.0, 3.0] [0.0, 3.0] [0.0, 3.0] [0.0, 3.0] [0.0, 3.0] [0.0, 3.0] [0.0, 3.0] [0.0, 3.0] [0.0, 3.0] [0.0, 3.0] [0.0, 3.0] [0.0, 3.0] [0.0, 3.0] [0.0, 3.0] [0.0, 3.0] [0.0, 3.0] [0.0, 3.0] [0.0, 3.0] [0.0, 3.0] [0.0, 3.0] [0.0, 3.0] [0.0, 3.0] [0.0, 3.0] [0.0, 3.0] [0.0, 3.0] [0.0, 3.0] [0.0, 3.0] [0.0, 3.0] [0.0, 3.0] [0.0, 3.0] [0.0, 3.0] [0.0, 3.0] [0.0, 3.0] [0.0, 3.0] [0.0, 3.0] [0.0, 3.0] [0.0, 3.0] [0.0, 3.0] [0.0, 3.0] [0.0, 3.0] [0.0, 3.0] [0.0, 3.0] [0.0, 3.0] [0.0, 3.0] [0.0, 3.0] [0.0, 3.0] [0.0, 3.0] [0.0, 3.0] [0.0, 3.0] [0.0, 3.0] [0.0, 3.0] [0.0, 3.0] [0.0, 3.0] [0.0, 3.0] [0.0, 3.0] [0.0, 3.0] [0.0, 3.0] [0.0, 3.0] [0.0, 3.0] [0.0, 3.0] [0.0, 3.0] [0.0, 3.0] [0.0, 3.0] [0.0, 3.0] [0.0, 3.0] [0.0, 3.0] [0.0, 3.0] [0.0, 3.0] [0.0, 3.0] [0.0, 3.0] [0.0, 3.0] [0.0, 3.0] [0.0, 3.0] [0.0, 3.0] 
  Output fraction of data:
choice: (0.424 0.512 0.517 0.451 0.500 0.527 0.497 0.495 0.503 0.496 0.475 0.485 0.494 0.440 0.491 0.485 0.449 0.435 0.466 0.414 0.211 0.253 0.497 0.494 0.459 0.409 0.470 0.502 0.483 0.484 0.412 0.485 0.512 0.435 0.474 0.539 0.480 0.486 0.493 0.495 0.490 0.516 0.492 0.431 0.463 0.398 0.474 0.439 0.465 0.387 0.455 0.476 0.482 0.351 0.501 0.487 0.475 0.475 0.509 0.513 0.403 0.195 0.315 0.078 0.477 0.368 0.432 0.256 0.360 0.405 0.425 0.470 0.485 0.453 0.506 0.200 0.416 0.538 0.479 0.375 0.443 0.276 0.317 0.400 0.373 0.451 0.491 0.469 0.268 0.396 0.561 0.498 0.380 0.435 0.338 0.554 0.420 0.202 0.414 0.419 0.349 0.322 0.458 0.449 0.462 0.484 0.443 0.505 0.468 0.437 0.420 0.337 0.251 0.246 0.405 0.432 0.481 0.452 0.492 0.478 0.484 0.354 0.232 0.258 0.175 0.350 0.282 0.289 0.278 0.217 0.273 0.351 0.380 0.459 0.391 0.423 0.449 0.481 0.495 0.444 0.501 0.500 0.477 0.479 0.503 0.507 0.485 0.459 0.448 0.422 0.404 0.351 0.486 0.446 0.236 0.356 0.466 0.423 0.478 0.305 0.508 0.498 0.483 0.456 0.491 0.469 0.467 0.450 0.336 0.403 0.485 0.434 0.452)  0.380 0.475 0.458 0.529 0.496 0.469 0.491 0.495 0.484 0.475 0.511 0.515 0.435 0.490 0.505 0.504 0.544 0.486 0.511 0.450 0.266 0.189 0.437 0.472 0.510 0.424 0.472 0.480 0.491 0.487 0.383 0.496 0.485 0.519 0.356 0.422 0.517 0.509 0.493 0.496 0.472 0.469 0.448 0.452 0.448 0.407 0.491 0.407 0.468 0.378 0.525 0.496 0.514 0.338 0.491 0.504 0.455 0.486 0.468 0.477 0.429 0.127 0.289 0.143 0.420 0.501 0.383 0.264 0.388 0.498 0.557 0.524 0.512 0.447 0.479 0.206 0.353 0.440 0.514 0.304 0.506 0.295 0.419 0.371 0.489 0.379 0.445 0.467 0.209 0.300 0.399 0.406 0.291 0.343 0.314 0.363 0.362 0.205 0.412 0.421 0.438 0.398 0.452 0.481 0.466 0.459 0.415 0.476 0.458 0.328 0.456 0.346 0.317 0.249 0.442 0.434 0.480 0.480 0.443 0.465 0.482 0.346 0.306 0.330 0.170 0.348 0.333 0.253 0.227 0.210 0.218 0.267 0.315 0.419 0.373 0.365 0.418 0.479 0.445 0.405 0.498 0.498 0.483 0.496 0.484 0.476 0.485 0.452 0.444 0.478 0.298 0.290 0.492 0.513 0.285 0.298 0.343 0.363 0.405 0.228 0.454 0.492 0.479 0.491 0.498 0.425 0.484 0.535 0.510 0.401 0.444 0.465 0.463)  0.196 0.013 0.025 0.019 0.004 0.004 0.012 0.009 0.013 0.029 0.013 0.000 0.071 0.070 0.004 0.011 0.007 0.079 0.023 0.136 0.523 0.558 0.066 0.034 0.031 0.167 0.059 0.018 0.026 0.029 0.205 0.019 0.003 0.046 0.170 0.039 0.004 0.005 0.014 0.009 0.038 0.015 0.059 0.118 0.089 0.195 0.035 0.153 0.067 0.235 0.019 0.028 0.005 0.311 0.008 0.009 0.071 0.039 0.024 0.011 0.167 0.678 0.396 0.779 0.103 0.131 0.185 0.480 0.252 0.098 0.017 0.006 0.003 0.099 0.015 0.594 0.231 0.023 0.006 0.321 0.051 0.429 0.264 0.229 0.138 0.170 0.064 0.063 0.523 0.303 0.040 0.096 0.330 0.222 0.348 0.083 0.218 0.593 0.174 0.160 0.214 0.280 0.090 0.071 0.072 0.056 0.142 0.019 0.074 0.235 0.124 0.317 0.433 0.506 0.153 0.134 0.039 0.069 0.065 0.057 0.034 0.300 0.462 0.412 0.656 0.302 0.385 0.458 0.495 0.573 0.509 0.382 0.305 0.122 0.236 0.212 0.134 0.039 0.060 0.151 0.002 0.002 0.040 0.024 0.013 0.017 0.030 0.089 0.108 0.100 0.298 0.359 0.023 0.041 0.479 0.346 0.192 0.214 0.117 0.468 0.038 0.010 0.039 0.052 0.011 0.106 0.049 0.015 0.154 0.196 0.071 0.102 0.085)  
outcome: (0.196 0.013 0.025 0.019 0.004 0.004 0.012 0.009 0.013 0.029 0.013 0.000 0.071 0.070 0.004 0.011 0.007 0.079 0.023 0.136 0.523 0.558 0.066 0.034 0.031 0.167 0.059 0.018 0.026 0.029 0.205 0.019 0.003 0.046 0.170 0.039 0.004 0.005 0.014 0.009 0.038 0.015 0.059 0.118 0.089 0.195 0.035 0.153 0.067 0.235 0.019 0.028 0.005 0.311 0.008 0.009 0.071 0.039 0.024 0.011 0.167 0.678 0.396 0.779 0.103 0.131 0.185 0.480 0.252 0.098 0.017 0.006 0.003 0.099 0.015 0.594 0.231 0.023 0.006 0.321 0.051 0.429 0.264 0.229 0.138 0.170 0.064 0.063 0.523 0.303 0.040 0.096 0.330 0.222 0.348 0.083 0.218 0.593 0.174 0.160 0.214 0.280 0.090 0.071 0.072 0.056 0.142 0.019 0.074 0.235 0.124 0.317 0.433 0.506 0.153 0.134 0.039 0.069 0.065 0.057 0.034 0.300 0.462 0.412 0.656 0.302 0.385 0.458 0.495 0.573 0.509 0.382 0.305 0.122 0.236 0.212 0.134 0.039 0.060 0.151 0.002 0.002 0.040 0.024 0.013 0.017 0.030 0.089 0.108 0.100 0.298 0.359 0.023 0.041 0.479 0.346 0.192 0.214 0.117 0.468 0.038 0.010 0.039 0.052 0.011 0.106 0.049 0.015 0.154 0.196 0.071 0.102 0.085)  0.367 0.138 0.068 0.049 0.175 0.113 0.124 0.089 0.188 0.177 0.130 0.218 0.279 0.242 0.278 0.205 0.257 0.200 0.195 0.150 0.147 0.059 0.191 0.171 0.143 0.196 0.080 0.093 0.110 0.094 0.297 0.314 0.220 0.236 0.233 0.222 0.209 0.183 0.166 0.145 0.140 0.140 0.174 0.112 0.120 0.119 0.167 0.151 0.118 0.147 0.067 0.094 0.133 0.132 0.111 0.132 0.121 0.166 0.144 0.119 0.177 0.072 0.038 0.062 0.308 0.276 0.126 0.073 0.156 0.241 0.268 0.133 0.118 0.154 0.106 0.050 0.121 0.168 0.070 0.167 0.079 0.217 0.289 0.244 0.324 0.231 0.220 0.240 0.155 0.269 0.360 0.257 0.213 0.222 0.164 0.322 0.282 0.152 0.226 0.133 0.299 0.257 0.280 0.282 0.425 0.355 0.302 0.280 0.318 0.292 0.261 0.058 0.023 0.075 0.141 0.154 0.075 0.065 0.082 0.080 0.108 0.192 0.190 0.185 0.126 0.204 0.127 0.163 0.174 0.139 0.156 0.204 0.210 0.212 0.135 0.170 0.038 0.064 0.062 0.052 0.110 0.116 0.104 0.033 0.052 0.087 0.090 0.060 0.081 0.027 0.153 0.139 0.098 0.044 0.204 0.161 0.244 0.221 0.261 0.146 0.084 0.119 0.091 0.089 0.120 0.138 0.161 0.169 0.130 0.120 0.189 0.219 0.125)  0.438 0.850 0.907 0.932 0.821 0.883 0.864 0.902 0.798 0.794 0.857 0.782 0.650 0.688 0.718 0.785 0.736 0.721 0.782 0.714 0.330 0.384 0.743 0.795 0.826 0.637 0.861 0.890 0.864 0.877 0.498 0.667 0.777 0.717 0.598 0.738 0.788 0.812 0.820 0.845 0.822 0.845 0.767 0.770 0.792 0.686 0.798 0.696 0.815 0.618 0.913 0.878 0.863 0.557 0.882 0.860 0.808 0.795 0.833 0.871 0.656 0.250 0.566 0.159 0.588 0.594 0.689 0.447 0.593 0.662 0.715 0.861 0.878 0.747 0.879 0.356 0.647 0.809 0.923 0.512 0.870 0.353 0.447 0.527 0.538 0.598 0.716 0.696 0.321 0.428 0.600 0.647 0.457 0.555 0.488 0.594 0.500 0.255 0.600 0.708 0.487 0.463 0.630 0.647 0.503 0.589 0.557 0.701 0.608 0.473 0.615 0.625 0.544 0.420 0.706 0.712 0.886 0.867 0.852 0.863 0.859 0.508 0.347 0.403 0.218 0.494 0.488 0.379 0.331 0.288 0.336 0.414 0.485 0.666 0.629 0.618 0.828 0.897 0.879 0.798 0.888 0.883 0.856 0.942 0.936 0.896 0.880 0.851 0.811 0.873 0.549 0.502 0.879 0.915 0.317 0.493 0.564 0.565 0.622 0.386 0.877 0.871 0.871 0.859 0.870 0.756 0.789 0.816 0.717 0.684 0.740 0.679 0.791)  
early_lick: (0.951 0.925 0.994 0.985 0.988 0.983 0.980 0.968 0.967 0.952 0.889 0.895 0.844 0.691 0.658 1.000 0.851 0.896 0.925 0.945 0.972 0.976 0.929 0.932 0.950 0.911 0.935 0.968 0.904 0.912 0.930 0.855 0.923 0.948 0.960 0.953 0.897 0.907 0.925 0.916 0.860 0.864 0.880 0.844 0.873 0.865 0.831 0.910 0.889 0.942 0.952 0.910 0.892 0.958 0.884 0.932 0.882 0.828 0.897 0.884 0.854 0.974 0.940 0.963 0.917 0.903 0.962 0.932 0.894 0.774 0.805 0.975 0.978 0.862 0.932 0.988 0.934 0.892 0.955 0.954 0.974 1.000 0.855 0.915 0.711 0.792 0.832 0.921 1.000 0.907 0.699 0.860 0.904 0.859 0.862 0.767 0.808 0.957 0.948 0.912 0.853 0.941 0.827 0.787 0.955 0.971 0.970 0.975 0.942 0.966 0.944 0.891 0.852 0.887 0.629 0.671 0.672 0.774 0.850 0.761 0.714 0.813 0.763 0.763 0.917 0.878 0.859 0.908 0.808 0.852 0.922 0.895 0.800 0.803 0.845 0.846 0.979 0.929 0.930 0.950 0.882 0.921 0.953 0.957 0.933 0.776 0.824 0.817 0.880 0.841 0.932 0.933 0.812 0.844 0.786 0.667 0.797 0.798 0.706 0.883 0.939 0.854 0.946 0.899 0.798 0.908 0.840 0.909 0.867 0.963 0.898 0.918 0.912)  0.049 0.075 0.006 0.015 0.012 0.017 0.020 0.032 0.033 0.048 0.111 0.105 0.156 0.309 0.342 0.000 0.149 0.104 0.075 0.055 0.028 0.024 0.071 0.068 0.050 0.089 0.065 0.032 0.096 0.088 0.070 0.145 0.077 0.052 0.040 0.047 0.103 0.093 0.075 0.084 0.140 0.136 0.120 0.156 0.127 0.135 0.169 0.090 0.111 0.058 0.048 0.090 0.108 0.042 0.116 0.068 0.118 0.172 0.103 0.116 0.146 0.026 0.060 0.037 0.083 0.097 0.038 0.068 0.106 0.226 0.195 0.025 0.022 0.138 0.068 0.013 0.066 0.108 0.045 0.046 0.026 0.000 0.145 0.085 0.289 0.208 0.168 0.079 0.000 0.093 0.301 0.140 0.096 0.141 0.138 0.233 0.192 0.043 0.052 0.088 0.147 0.059 0.173 0.213 0.045 0.029 0.030 0.025 0.058 0.034 0.056 0.109 0.148 0.113 0.371 0.329 0.328 0.226 0.150 0.239 0.286 0.187 0.237 0.237 0.083 0.122 0.141 0.092 0.192 0.148 0.078 0.105 0.200 0.197 0.155 0.154 0.021 0.071 0.070 0.050 0.118 0.079 0.047 0.043 0.067 0.224 0.176 0.183 0.120 0.159 0.068 0.067 0.188 0.156 0.214 0.333 0.203 0.202 0.294 0.117 0.061 0.146 0.054 0.101 0.202 0.092 0.160 0.091 0.133 0.037 0.102 0.082 0.088)  
tongue_y_position: (0.075 0.107 0.091 0.093 0.092 0.104 0.101 0.110 0.095 0.089 0.091 0.097 0.073 0.079 0.083 0.087 0.087 0.041 0.047 0.039 0.066 0.065 0.162 0.137 0.135 0.067 0.069 0.097 0.102 0.090 0.090 0.118 0.122 0.082 0.078 0.093 0.126 0.101 0.115 0.115 0.085 0.083 0.150 0.073 0.360 0.066 0.097 0.082 0.095 0.079 0.091 0.092 0.094 0.056 0.086 0.084 0.072 0.077 0.076 0.080 0.077 0.026 0.050 0.019 0.082 0.076 0.068 0.064 0.089 0.107 0.112 0.110 0.113 0.095 0.112 0.041 0.079 0.096 0.101 0.056 0.097 0.097 0.114 0.124 0.241 0.137 0.170 0.151 0.047 0.064 0.114 0.096 0.062 0.074 0.062 0.094 0.075 0.029 0.069 0.076 0.077 0.056 0.088 0.077 0.097 0.097 0.089 0.123 0.103 0.071 0.088 0.120 0.064 0.084 0.146 0.150 0.176 0.172 0.139 0.157 0.174 0.095 0.062 0.074 0.036 0.077 0.076 0.062 0.061 0.042 0.056 0.067 0.077 0.094 0.084 0.081 0.095 0.104 0.104 0.090 0.151 0.131 0.125 0.126 0.135 0.136 0.083 0.117 0.099 0.103 0.073 0.058 0.116 0.114 0.049 0.063 0.082 0.088 0.096 0.051 0.002 0.181 0.141 0.139 0.192 0.143 0.181 0.095 0.082 0.080 0.094 0.084 0.090)  0.041 0.061 0.049 0.053 0.050 0.055 0.056 0.057 0.055 0.050 0.048 0.052 0.035 0.035 0.041 0.042 0.045 0.020 0.024 0.019 0.035 0.033 0.090 0.067 0.067 0.033 0.036 0.043 0.053 0.046 0.051 0.064 0.063 0.040 0.039 0.052 0.070 0.050 0.058 0.057 0.066 0.041 0.068 0.037 0.190 0.033 0.050 0.041 0.051 0.039 0.044 0.047 0.048 0.026 0.043 0.045 0.039 0.039 0.038 0.039 0.041 0.013 0.026 0.011 0.040 0.037 0.033 0.032 0.044 0.058 0.062 0.063 0.070 0.053 0.062 0.023 0.041 0.047 0.047 0.029 0.049 0.051 0.059 0.062 0.072 0.070 0.087 0.076 0.029 0.033 0.061 0.051 0.034 0.039 0.033 0.052 0.039 0.017 0.037 0.043 0.044 0.029 0.049 0.043 0.049 0.053 0.047 0.059 0.053 0.039 0.046 0.064 0.037 0.053 0.085 0.083 0.100 0.098 0.079 0.089 0.097 0.052 0.033 0.039 0.021 0.041 0.042 0.033 0.034 0.022 0.029 0.036 0.039 0.050 0.044 0.046 0.050 0.056 0.058 0.045 0.079 0.067 0.066 0.067 0.071 0.077 0.043 0.063 0.057 0.061 0.038 0.032 0.064 0.064 0.027 0.034 0.039 0.042 0.048 0.026 0.001 0.087 0.069 0.074 0.102 0.068 0.089 0.046 0.042 0.041 0.049 0.043 0.048)  0.090 0.131 0.105 0.109 0.135 0.131 0.132 0.131 0.111 0.104 0.096 0.108 0.072 0.080 0.085 0.087 0.088 0.042 0.050 0.039 0.059 0.058 0.188 0.142 0.136 0.069 0.073 0.100 0.107 0.095 0.107 0.134 0.129 0.084 0.080 0.103 0.120 0.097 0.089 0.098 0.148 0.082 0.227 0.074 0.443 0.065 0.101 0.087 0.104 0.080 0.091 0.088 0.095 0.057 0.089 0.087 0.072 0.077 0.075 0.082 0.073 0.022 0.046 0.018 0.068 0.070 0.067 0.050 0.080 0.108 0.116 0.093 0.106 0.089 0.111 0.043 0.081 0.097 0.102 0.056 0.097 0.091 0.083 0.096 0.142 0.106 0.129 0.119 0.053 0.069 0.125 0.099 0.067 0.079 0.065 0.099 0.079 0.033 0.073 0.081 0.093 0.060 0.095 0.083 0.091 0.102 0.090 0.122 0.094 0.075 0.087 0.084 0.073 0.097 0.178 0.186 0.219 0.212 0.175 0.197 0.213 0.102 0.064 0.077 0.041 0.082 0.080 0.065 0.072 0.048 0.060 0.081 0.083 0.105 0.093 0.092 0.119 0.126 0.121 0.103 0.175 0.155 0.146 0.141 0.157 0.169 0.102 0.131 0.119 0.127 0.082 0.068 0.130 0.132 0.052 0.065 0.088 0.091 0.102 0.056 0.002 0.190 0.132 0.150 0.209 0.135 0.180 0.096 0.084 0.079 0.096 0.084 0.091)  0.794 0.701 0.754 0.745 0.723 0.710 0.711 0.702 0.740 0.757 0.764 0.743 0.819 0.806 0.791 0.784 0.780 0.897 0.879 0.904 0.840 0.845 0.561 0.654 0.662 0.831 0.822 0.760 0.738 0.768 0.752 0.684 0.687 0.794 0.803 0.753 0.684 0.752 0.738 0.731 0.701 0.794 0.555 0.817 0.008 0.836 0.751 0.790 0.750 0.802 0.775 0.773 0.763 0.861 0.783 0.783 0.818 0.807 0.811 0.800 0.810 0.939 0.878 0.952 0.811 0.816 0.831 0.854 0.787 0.727 0.710 0.734 0.711 0.763 0.715 0.894 0.799 0.760 0.751 0.859 0.756 0.761 0.744 0.718 0.545 0.688 0.615 0.655 0.870 0.834 0.701 0.755 0.837 0.807 0.840 0.755 0.807 0.921 0.821 0.800 0.785 0.855 0.768 0.797 0.764 0.748 0.773 0.696 0.751 0.815 0.779 0.733 0.826 0.767 0.592 0.581 0.505 0.518 0.607 0.557 0.516 0.751 0.841 0.809 0.902 0.800 0.802 0.840 0.833 0.887 0.855 0.816 0.801 0.752 0.779 0.781 0.735 0.715 0.717 0.762 0.595 0.647 0.662 0.666 0.638 0.617 0.771 0.690 0.725 0.710 0.806 0.842 0.690 0.691 0.873 0.839 0.791 0.779 0.754 0.868 0.995 0.542 0.658 0.637 0.497 0.655 0.549 0.763 0.792 0.800 0.761 0.790 0.770)  
Brain region: accessory olfactory bulb: 3 neurons, agranular insular area: 734 neurons, anterior amygdalar area: 16 neurons, anterior cingulate area: 38 neurons, anterior olfactory nucleus: 2037 neurons, anterior pretectal nucleus: 714 neurons, anterodorsal nucleus: 53 neurons, anteromedial nucleus: 153 neurons, anteromedial visual area: 1 neurons, anteroventral nucleus of thalamus: 339 neurons, basolateral amygdalar nucleus: 387 neurons, basomedial amygdalar nucleus: 72 neurons, bed nuclei of the stria terminalis: 91 neurons, caudoputamen: 6743 neurons, central amygdalar nucleus: 292 neurons, central lateral nucleus of the thalamus: 467 neurons, central medial nucleus of the thalamus: 261 neurons, cerebellum: 85 neurons, claustrum: 221 neurons, copula pyramidis: 169 neurons, cortical subplate: 87 neurons, crus 1: 20 neurons, crus 2: 6 neurons, declive (vi): 32 neurons, dentate gyrus: 392 neurons, dorsal auditory area: 148 neurons, dorsal motor nucleus of the vagus nerve: 31 neurons, dorsal part of the lateral geniculate complex: 49 neurons, dorsal peduncular area: 1 neurons, dorsal terminal nucleus of the accessory optic tract: 4 neurons, ectorhinal area: 215 neurons, endopiriform nucleus: 1088 neurons, entorhinal area: 49 neurons, external cuneate nucleus: 34 neurons, facial motor nucleus: 72 neurons, fastigial nucleus: 25 neurons, field ca1: 612 neurons, field ca2: 59 neurons, field ca3: 202 neurons, fields of forel: 114 neurons, frontal pole: 1855 neurons, fundus of striatum: 132 neurons, gigantocellular reticular nucleus: 704 neurons, globus pallidus: 606 neurons, gustatory areas: 232 neurons, hippocampal formation: 6 neurons, hypoglossal nucleus: 13 neurons, hypothalamus: 94 neurons, inferior colliculus: 64 neurons, inferior olivary complex: 106 neurons, infracerebellar nucleus: 3 neurons, infralimbic area: 11 neurons, interanterodorsal nucleus of the thalamus: 48 neurons, intercalated amygdalar nucleus: 98 neurons, intermediate reticular nucleus: 279 neurons, intermediodorsal nucleus of the thalamus: 104 neurons, interposed nucleus: 73 neurons, koelliker-fuse subnucleus: 1 neurons, lateral amygdalar nucleus: 93 neurons, lateral dorsal nucleus of thalamus: 880 neurons, lateral habenula: 232 neurons, lateral hypothalamic area: 48 neurons, lateral posterior nucleus of the thalamus: 943 neurons, lateral preoptic area: 8 neurons, lateral reticular nucleus: 12 neurons, lateral septal nucleus: 10 neurons, lateral vestibular nucleus: 63 neurons, lingula (i): 2 neurons, lobule ii: 60 neurons, lobule iii: 263 neurons, lobules iv-v: 466 neurons, locus ceruleus: 4 neurons, magnocellular reticular nucleus: 275 neurons, medial amygdalar nucleus: 2 neurons, medial geniculate complex: 150 neurons, medial habenula: 47 neurons, medial terminal nucleus of the accessory optic tract: 1 neurons, medial vestibular nucleus: 248 neurons, mediodorsal nucleus of thalamus: 2281 neurons, medulla: 332 neurons, medullary reticular nucleus: 72 neurons, midbrain: 1002 neurons, midbrain reticular nucleus: 2276 neurons, nodulus (x): 179 neurons, nucleus accumbens: 33 neurons, nucleus of roller: 1 neurons, nucleus of the brachium of the inferior colliculus: 17 neurons, nucleus of the lateral lemniscus: 10 neurons, nucleus of the optic tract: 29 neurons, nucleus of the solitary tract: 34 neurons, nucleus raphe magnus: 13 neurons, nucleus raphe obscurus: 4 neurons, nucleus sagulum: 20 neurons, nucleus x: 4 neurons, olfactory areas: 982 neurons, olfactory tubercle: 2 neurons, orbital area: 10223 neurons, pallidum: 181 neurons, parabrachial nucleus: 17 neurons, paracentral nucleus: 591 neurons, parafascicular nucleus: 225 neurons, paragigantocellular reticular nucleus: 84 neurons, paramedian lobule: 40 neurons, parapyramidal nucleus: 7 neurons, parasolitary nucleus: 9 neurons, parasubthalamic nucleus: 9 neurons, paraventricular hypothalamic nucleus: 10 neurons, paraventricular nucleus of the thalamus: 31 neurons, parvicellular reticular nucleus: 190 neurons, pedunculopontine nucleus: 121 neurons, periaqueductal gray: 2 neurons, peripeduncular nucleus: 5 neurons, perireunensis nucleus: 24 neurons, perirhinal area: 29 neurons, piriform area: 1107 neurons, pons: 51 neurons, pontine reticular nucleus: 259 neurons, posterior amygdalar nucleus: 12 neurons, posterior complex of the thalamus: 1482 neurons, posterior hypothalamic nucleus: 24 neurons, posterior limiting nucleus of the thalamus: 252 neurons, posterior pretectal nucleus: 34 neurons, posteromedial visual area: 14 neurons, postsubiculum: 428 neurons, prelimbic area: 266 neurons, primary auditory area: 1 neurons, primary motor area: 539 neurons, primary somatosensory area: 2430 neurons, primary visual area: 23 neurons, pyramus (viii): 8 neurons, red nucleus: 266 neurons, reticular nucleus of the thalamus: 301 neurons, retrosplenial area: 417 neurons, rhomboid nucleus: 53 neurons, secondary motor area: 7346 neurons, septofimbrial nucleus: 8 neurons, simple lobule: 313 neurons, spinal nucleus of the trigeminal: 235 neurons, spinal vestibular nucleus: 34 neurons, striatum: 328 neurons, subiculum: 196 neurons, submedial nucleus of the thalamus: 248 neurons, subparafascicular area: 23 neurons, subparafascicular nucleus: 55 neurons, substantia innominata: 212 neurons, substantia nigra: 422 neurons, subthalamic nucleus: 28 neurons, superior colliculus: 2488 neurons, superior vestibular nucleus: 69 neurons, supplemental somatosensory area: 1379 neurons, suprageniculate nucleus: 106 neurons, taenia tecta: 7 neurons, tegmental reticular nucleus: 5 neurons, temporal association areas: 195 neurons, thalamus: 328 neurons, triangular nucleus of septum: 2 neurons, tuberomammillary nucleus: 16 neurons, uvula (ix): 79 neurons, ventral anterior-lateral complex of the thalamus: 1283 neurons, ventral auditory area: 160 neurons, ventral medial nucleus of the thalamus: 727 neurons, ventral posterolateral nucleus of the thalamus: 271 neurons, ventral posteromedial nucleus of the thalamus: 796 neurons, ventral tegmental area: 35 neurons, visceral area: 187 neurons, zona incerta: 464 neurons  
Training on 72635 trials, testing on 18225 trials
Using balanced loss with class weights:
  Output 0: [0.20526637 0.20750464 0.58722895]
  Output 1: [0.4720605 0.4248623 0.1030772]
  Output 2: [0.11588077 0.8841192 ]
  Output 3: [0.25188777 0.47892886 0.2366839  0.03249946]
Session 31: Using 50000 of 51200 timepoints for SVD initialization
Epoch [1/200], Loss: 20.170454
Epoch [2/200], Loss: 15.515845
Epoch [3/200], Loss: 12.357720
Epoch [4/200], Loss: 10.641550
Epoch [5/200], Loss: 9.865510
Epoch [6/200], Loss: 9.412529
Epoch [7/200], Loss: 9.012423
Epoch [8/200], Loss: 8.618791
Epoch [9/200], Loss: 8.205178
Epoch [10/200], Loss: 7.765563
Epoch [20/200], Loss: 4.711557
Epoch [30/200], Loss: 3.207605
Epoch [40/200], Loss: 2.350758
Epoch [50/200], Loss: 1.818664
Epoch [60/200], Loss: 1.470966
Epoch [70/200], Loss: 1.237061
Epoch [80/200], Loss: 1.075941
Epoch [90/200], Loss: 0.964249
Epoch [100/200], Loss: 0.886090
Epoch [110/200], Loss: 0.829732
Epoch [120/200], Loss: 0.789010
Epoch [130/200], Loss: 0.759227
Epoch [140/200], Loss: 0.735567
Epoch [150/200], Loss: 0.716945
Epoch [160/200], Loss: 0.701868
Epoch [170/200], Loss: 0.690323
Epoch [180/200], Loss: 0.680695
Epoch [190/200], Loss: 0.672247
Epoch [200/200], Loss: 0.664189
Test Loss: 0.666255

Training Balanced Accuracy Scores (chance = 1/num_classes):
  0 (choice): 0.7217  (chance: 0.3333)
  1 (outcome): 0.7031  (chance: 0.3333)
  2 (early_lick): 0.7866  (chance: 0.5000)
  3 (tongue_y_position): 0.6827  (chance: 0.2500)

Validation Balanced Accuracy Scores (chance = 1/num_classes):
  0 (choice): 0.6875  (chance: 0.3333)
  1 (outcome): 0.6636  (chance: 0.3333)
  2 (early_lick): 0.7532  (chance: 0.5000)
  3 (tongue_y_position): 0.6511  (chance: 0.2500)
