Data format is valid, no errors or warnings.
Number of sessions: 41
Total number of trials: 1090
Number of trials per session: [20, 20, 20, 20, 20, 20, 20, 20, 20, 20, 20, 20, 20, 20, 30, 30, 30, 30, 30, 30, 30, 30, 30, 30, 30, 30, 30, 30, 30, 30, 30, 30, 30, 30, 30, 30, 30, 30, 30, 30, 30]
Number of subjects: 6
Number of brain regions: 1
Number of sessions per subject:
  Subject jm031: 7 sessions
  Subject jm032: 7 sessions
  Subject jm038: 7 sessions
  Subject jm039: 7 sessions
  Subject jm040: 6 sessions
  Subject jm046: 7 sessions
Input dimension: 1
Output dimension: 1
Summary statistics (across all sessions):
  T: mean: 180.00, median: 180.00, min: 180, max: 180
  n_neurons: mean: 498.66', min: 221, max: 746
  Input range:
    time_from_session_start: [0.0, 1799.7]
  Output range:
    motion_energy: [0.0, 4.0]
  Unique outputs per dimension (fraction of data):
    motion_energy: {level_0 (0.200), level_1 (0.200), level_2 (0.200), level_3 (0.200), level_4 (0.200)}
  Brain region distribution:
    barrel_cortex: 20445 neurons

Per-session statistics:
  Mean T: 180.0, 180.0, 180.0, 180.0, 180.0, 180.0, 180.0, 180.0, 180.0, 180.0, 180.0, 180.0, 180.0, 180.0, 180.0, 180.0, 180.0, 180.0, 180.0, 180.0, 180.0, 180.0, 180.0, 180.0, 180.0, 180.0, 180.0, 180.0, 180.0, 180.0, 180.0, 180.0, 180.0, 180.0, 180.0, 180.0, 180.0, 180.0, 180.0, 180.0, 180.0
  Min T: 180, 180, 180, 180, 180, 180, 180, 180, 180, 180, 180, 180, 180, 180, 180, 180, 180, 180, 180, 180, 180, 180, 180, 180, 180, 180, 180, 180, 180, 180, 180, 180, 180, 180, 180, 180, 180, 180, 180, 180, 180
  Max T: 180, 180, 180, 180, 180, 180, 180, 180, 180, 180, 180, 180, 180, 180, 180, 180, 180, 180, 180, 180, 180, 180, 180, 180, 180, 180, 180, 180, 180, 180, 180, 180, 180, 180, 180, 180, 180, 180, 180, 180, 180
  n_neurons: 221, 221, 221, 221, 221, 221, 221, 370, 370, 370, 370, 370, 370, 370, 685, 685, 685, 685, 685, 685, 685, 746, 746, 746, 746, 746, 746, 746, 541, 541, 541, 541, 541, 541, 435, 435, 435, 435, 435, 435, 435
  Input range:
    0: [0.0, 1199.7] [0.0, 1199.7] [0.0, 1199.7] [0.0, 1199.7] [0.0, 1199.7] [0.0, 1199.7] [0.0, 1199.7] [0.0, 1199.7] [0.0, 1199.7] [0.0, 1199.7] [0.0, 1199.7] [0.0, 1199.7] [0.0, 1199.7] [0.0, 1199.7] [0.0, 1799.7] [0.0, 1799.7] [0.0, 1799.7] [0.0, 1799.7] [0.0, 1799.7] [0.0, 1799.7] [0.0, 1799.7] [0.0, 1799.7] [0.0, 1799.7] [0.0, 1799.7] [0.0, 1799.7] [0.0, 1799.7] [0.0, 1799.7] [0.0, 1799.7] [0.0, 1799.7] [0.0, 1799.7] [0.0, 1799.7] [0.0, 1799.7] [0.0, 1799.7] [0.0, 1799.7] [0.0, 1799.7] [0.0, 1799.7] [0.0, 1799.7] [0.0, 1799.7] [0.0, 1799.7] [0.0, 1799.7] [0.0, 1799.7] 
  Output range:
    0: [0.0, 4.0] [0.0, 4.0] [0.0, 4.0] [0.0, 4.0] [0.0, 4.0] [0.0, 4.0] [0.0, 4.0] [0.0, 4.0] [0.0, 4.0] [0.0, 4.0] [0.0, 4.0] [0.0, 4.0] [0.0, 4.0] [0.0, 4.0] [0.0, 4.0] [0.0, 4.0] [0.0, 4.0] [0.0, 4.0] [0.0, 4.0] [0.0, 4.0] [0.0, 4.0] [0.0, 4.0] [0.0, 4.0] [0.0, 4.0] [0.0, 4.0] [0.0, 4.0] [0.0, 4.0] [0.0, 4.0] [0.0, 4.0] [0.0, 4.0] [0.0, 4.0] [0.0, 4.0] [0.0, 4.0] [0.0, 4.0] [0.0, 4.0] [0.0, 4.0] [0.0, 4.0] [0.0, 4.0] [0.0, 4.0] [0.0, 4.0] [0.0, 4.0] 
  Output fraction of data:
motion_energy: (0.200 0.200 0.200 0.200 0.200 0.200 0.200 0.200 0.200 0.200 0.200 0.200 0.200 0.200 0.200 0.200 0.200 0.200 0.200 0.200 0.200 0.200 0.200 0.200 0.200 0.200 0.200 0.200 0.200 0.200 0.200 0.200 0.200 0.200 0.200 0.200 0.200 0.200 0.200 0.200 0.200)  0.200 0.200 0.200 0.200 0.200 0.200 0.200 0.200 0.200 0.200 0.200 0.200 0.200 0.200 0.200 0.200 0.200 0.200 0.200 0.200 0.200 0.200 0.200 0.200 0.200 0.200 0.200 0.200 0.200 0.200 0.200 0.200 0.200 0.200 0.200 0.200 0.200 0.200 0.200 0.200 0.200)  0.200 0.200 0.200 0.200 0.200 0.200 0.200 0.200 0.200 0.200 0.200 0.200 0.200 0.200 0.200 0.200 0.200 0.200 0.200 0.200 0.200 0.200 0.200 0.200 0.200 0.200 0.200 0.200 0.200 0.200 0.200 0.200 0.200 0.200 0.200 0.200 0.200 0.200 0.200 0.200 0.200)  0.200 0.200 0.200 0.200 0.200 0.200 0.200 0.200 0.200 0.200 0.200 0.200 0.200 0.200 0.200 0.200 0.200 0.200 0.200 0.200 0.200 0.200 0.200 0.200 0.200 0.200 0.200 0.200 0.200 0.200 0.200 0.200 0.200 0.200 0.200 0.200 0.200 0.200 0.200 0.200 0.200)  0.200 0.200 0.200 0.200 0.200 0.200 0.200 0.200 0.200 0.200 0.200 0.200 0.200 0.200 0.200 0.200 0.200 0.200 0.200 0.200 0.200 0.200 0.200 0.200 0.200 0.200 0.200 0.200 0.200 0.200 0.200 0.200 0.200 0.200 0.200 0.200 0.200 0.200 0.200 0.200 0.200)  
Brain region: barrel_cortex: 20445 neurons  
Training on 872 trials, testing on 218 trials
Using device: cpu
Using balanced loss with class weights:
  Output 0: [0.19966096 0.19997261 0.20179832 0.2030976  0.19547053]
Epoch [1/200], Loss: 79.694936
Epoch [2/200], Loss: 64.844305
Epoch [3/200], Loss: 58.916441
Epoch [4/200], Loss: 56.374867
Epoch [5/200], Loss: 53.695231
Epoch [6/200], Loss: 50.809051
Epoch [7/200], Loss: 47.885869
Epoch [8/200], Loss: 44.949875
Epoch [9/200], Loss: 42.244237
Epoch [10/200], Loss: 39.912988
Epoch [20/200], Loss: 24.284244
Epoch [30/200], Loss: 15.731138
Epoch [40/200], Loss: 10.548590
Epoch [50/200], Loss: 7.204071
Epoch [60/200], Loss: 5.055243
Epoch [70/200], Loss: 3.668682
Epoch [80/200], Loss: 2.762814
Epoch [90/200], Loss: 2.170387
Epoch [100/200], Loss: 1.787427
Epoch [110/200], Loss: 1.540752
Epoch [120/200], Loss: 1.381947
Epoch [130/200], Loss: 1.279015
Epoch [140/200], Loss: 1.216527
Epoch [150/200], Loss: 1.172604
Epoch [160/200], Loss: 1.133474
Epoch [170/200], Loss: 1.109870
Epoch [180/200], Loss: 1.105278
Epoch [190/200], Loss: 1.085219
Epoch [200/200], Loss: 1.071570
Test Loss: 2.842501

Training Balanced Accuracy Scores (chance = 1/num_classes):
  0 (motion_energy): 0.6265  (chance: 0.2000)

Validation Balanced Accuracy Scores (chance = 1/num_classes):
  0 (motion_energy): 0.3026  (chance: 0.2000)
Statistics saved to /app/stats_full.json
