Data format is valid, no errors or warnings.
Number of sessions: 236
Total number of trials: 71242
Number of trials per session: [39, 405, 190, 404, 188, 112, 402, 225, 404, 151, 155, 166, 405, 172, 408, 242, 180, 408, 129, 407, 260, 402, 293, 312, 412, 338, 176, 251, 406, 293, 234, 403, 230, 267, 195, 406, 396, 397, 403, 409, 381, 406, 400, 315, 285, 307, 228, 293, 271, 302, 270, 293, 405, 405, 274, 405, 279, 279, 409, 251, 146, 402, 254, 268, 399, 213, 402, 145, 185, 263, 409, 263, 402, 228, 265, 231, 406, 286, 406, 405, 246, 184, 270, 387, 378, 290, 327, 407, 329, 280, 189, 403, 406, 334, 279, 403, 324, 372, 343, 406, 304, 291, 307, 291, 405, 267, 189, 200, 215, 410, 200, 252, 410, 230, 410, 206, 149, 186, 409, 347, 405, 288, 402, 323, 362, 368, 307, 250, 400, 220, 232, 205, 410, 339, 407, 380, 356, 407, 330, 373, 338, 378, 286, 407, 370, 257, 92, 138, 216, 405, 300, 263, 405, 257, 173, 406, 348, 401, 334, 379, 405, 363, 394, 407, 217, 181, 403, 107, 79, 117, 405, 81, 105, 117, 248, 279, 404, 269, 407, 189, 224, 258, 404, 365, 291, 405, 305, 403, 215, 314, 354, 408, 319, 409, 319, 229, 205, 407, 147, 338, 404, 162, 336, 403, 230, 334, 317, 408, 349, 95, 180, 404, 286, 249, 403, 259, 318, 288, 218, 405, 211, 271, 262, 402, 227, 266, 225, 402, 318, 269, 404, 251, 255, 410, 131, 131]
Number of subjects: 37
Number of brain regions: 4
Number of sessions per subject:
  Subject 403491: 4 sessions
  Subject 412036: 5 sessions
  Subject 412366: 6 sessions
  Subject 421136: 5 sessions
  Subject 423606: 6 sessions
  Subject 425493: 4 sessions
  Subject 425496: 6 sessions
  Subject 429952: 6 sessions
  Subject 431023: 5 sessions
  Subject 431252: 7 sessions
  Subject 436662: 6 sessions
  Subject 440298: 5 sessions
  Subject 442709: 6 sessions
  Subject 445002: 6 sessions
  Subject 445270: 8 sessions
  Subject 447663: 7 sessions
  Subject 448900: 7 sessions
  Subject 449441: 6 sessions
  Subject 450471: 9 sessions
  Subject 453913: 5 sessions
  Subject 456564: 8 sessions
  Subject 456916: 6 sessions
  Subject 456917: 6 sessions
  Subject 457766: 11 sessions
  Subject 459773: 6 sessions
  Subject 459777: 6 sessions
  Subject 467302: 6 sessions
  Subject 468866: 9 sessions
  Subject 479426: 6 sessions
  Subject 495789: 6 sessions
  Subject 523927: 6 sessions
  Subject 524274: 7 sessions
  Subject 533527: 7 sessions
  Subject 538219: 7 sessions
  Subject 544261: 6 sessions
  Subject 546819: 7 sessions
  Subject 549976: 7 sessions
Input dimension: 0
Output dimension: 4
Summary statistics (across all sessions):
  T: mean: 30.00, min: 30, max: 30
  n_neurons: mean: 175.38', min: 6, max: 666
  Input range:
  Output range:
    running_speed: [0.0, 4.0]
    pupil_diameter: [0.0, 4.0]
    image_name: [0.0, 15.0]
    trial_outcome: [0.0, 3.0]
  Unique outputs per dimension (fraction of data):
    running_speed: {level_0 (0.200), level_1 (0.200), level_2 (0.200), level_3 (0.200), level_4 (0.200)}
    pupil_diameter: {level_0 (0.200), level_1 (0.200), level_2 (0.200), level_3 (0.200), level_4 (0.200)}
    image_name: {im000 (0.061), im031 (0.062), im035 (0.061), im045 (0.061), im054 (0.061), im061 (0.064), im062 (0.064), im063 (0.064), im065 (0.063), im066 (0.064), im069 (0.064), im073 (0.061), im075 (0.062), im077 (0.063), im085 (0.064), im106 (0.061)}
    trial_outcome: {hit (0.190), miss (0.684), false_alarm (0.011), correct_reject (0.114)}
  Brain region distribution:
    VISp_375um: 8718 neurons
    VISp_175um: 32110 neurons
    VISp_290um: 78 neurons
    VISp_275um: 484 neurons

Per-session statistics:
  Mean T: 30.0, 30.0, 30.0, 30.0, 30.0, 30.0, 30.0, 30.0, 30.0, 30.0, 30.0, 30.0, 30.0, 30.0, 30.0, 30.0, 30.0, 30.0, 30.0, 30.0, 30.0, 30.0, 30.0, 30.0, 30.0, 30.0, 30.0, 30.0, 30.0, 30.0, 30.0, 30.0, 30.0, 30.0, 30.0, 30.0, 30.0, 30.0, 30.0, 30.0, 30.0, 30.0, 30.0, 30.0, 30.0, 30.0, 30.0, 30.0, 30.0, 30.0, 30.0, 30.0, 30.0, 30.0, 30.0, 30.0, 30.0, 30.0, 30.0, 30.0, 30.0, 30.0, 30.0, 30.0, 30.0, 30.0, 30.0, 30.0, 30.0, 30.0, 30.0, 30.0, 30.0, 30.0, 30.0, 30.0, 30.0, 30.0, 30.0, 30.0, 30.0, 30.0, 30.0, 30.0, 30.0, 30.0, 30.0, 30.0, 30.0, 30.0, 30.0, 30.0, 30.0, 30.0, 30.0, 30.0, 30.0, 30.0, 30.0, 30.0, 30.0, 30.0, 30.0, 30.0, 30.0, 30.0, 30.0, 30.0, 30.0, 30.0, 30.0, 30.0, 30.0, 30.0, 30.0, 30.0, 30.0, 30.0, 30.0, 30.0, 30.0, 30.0, 30.0, 30.0, 30.0, 30.0, 30.0, 30.0, 30.0, 30.0, 30.0, 30.0, 30.0, 30.0, 30.0, 30.0, 30.0, 30.0, 30.0, 30.0, 30.0, 30.0, 30.0, 30.0, 30.0, 30.0, 30.0, 30.0, 30.0, 30.0, 30.0, 30.0, 30.0, 30.0, 30.0, 30.0, 30.0, 30.0, 30.0, 30.0, 30.0, 30.0, 30.0, 30.0, 30.0, 30.0, 30.0, 30.0, 30.0, 30.0, 30.0, 30.0, 30.0, 30.0, 30.0, 30.0, 30.0, 30.0, 30.0, 30.0, 30.0, 30.0, 30.0, 30.0, 30.0, 30.0, 30.0, 30.0, 30.0, 30.0, 30.0, 30.0, 30.0, 30.0, 30.0, 30.0, 30.0, 30.0, 30.0, 30.0, 30.0, 30.0, 30.0, 30.0, 30.0, 30.0, 30.0, 30.0, 30.0, 30.0, 30.0, 30.0, 30.0, 30.0, 30.0, 30.0, 30.0, 30.0, 30.0, 30.0, 30.0, 30.0, 30.0, 30.0, 30.0, 30.0, 30.0, 30.0, 30.0, 30.0, 30.0, 30.0, 30.0, 30.0, 30.0, 30.0
  Min T: 30, 30, 30, 30, 30, 30, 30, 30, 30, 30, 30, 30, 30, 30, 30, 30, 30, 30, 30, 30, 30, 30, 30, 30, 30, 30, 30, 30, 30, 30, 30, 30, 30, 30, 30, 30, 30, 30, 30, 30, 30, 30, 30, 30, 30, 30, 30, 30, 30, 30, 30, 30, 30, 30, 30, 30, 30, 30, 30, 30, 30, 30, 30, 30, 30, 30, 30, 30, 30, 30, 30, 30, 30, 30, 30, 30, 30, 30, 30, 30, 30, 30, 30, 30, 30, 30, 30, 30, 30, 30, 30, 30, 30, 30, 30, 30, 30, 30, 30, 30, 30, 30, 30, 30, 30, 30, 30, 30, 30, 30, 30, 30, 30, 30, 30, 30, 30, 30, 30, 30, 30, 30, 30, 30, 30, 30, 30, 30, 30, 30, 30, 30, 30, 30, 30, 30, 30, 30, 30, 30, 30, 30, 30, 30, 30, 30, 30, 30, 30, 30, 30, 30, 30, 30, 30, 30, 30, 30, 30, 30, 30, 30, 30, 30, 30, 30, 30, 30, 30, 30, 30, 30, 30, 30, 30, 30, 30, 30, 30, 30, 30, 30, 30, 30, 30, 30, 30, 30, 30, 30, 30, 30, 30, 30, 30, 30, 30, 30, 30, 30, 30, 30, 30, 30, 30, 30, 30, 30, 30, 30, 30, 30, 30, 30, 30, 30, 30, 30, 30, 30, 30, 30, 30, 30, 30, 30, 30, 30, 30, 30, 30, 30, 30, 30, 30, 30
  Max T: 30, 30, 30, 30, 30, 30, 30, 30, 30, 30, 30, 30, 30, 30, 30, 30, 30, 30, 30, 30, 30, 30, 30, 30, 30, 30, 30, 30, 30, 30, 30, 30, 30, 30, 30, 30, 30, 30, 30, 30, 30, 30, 30, 30, 30, 30, 30, 30, 30, 30, 30, 30, 30, 30, 30, 30, 30, 30, 30, 30, 30, 30, 30, 30, 30, 30, 30, 30, 30, 30, 30, 30, 30, 30, 30, 30, 30, 30, 30, 30, 30, 30, 30, 30, 30, 30, 30, 30, 30, 30, 30, 30, 30, 30, 30, 30, 30, 30, 30, 30, 30, 30, 30, 30, 30, 30, 30, 30, 30, 30, 30, 30, 30, 30, 30, 30, 30, 30, 30, 30, 30, 30, 30, 30, 30, 30, 30, 30, 30, 30, 30, 30, 30, 30, 30, 30, 30, 30, 30, 30, 30, 30, 30, 30, 30, 30, 30, 30, 30, 30, 30, 30, 30, 30, 30, 30, 30, 30, 30, 30, 30, 30, 30, 30, 30, 30, 30, 30, 30, 30, 30, 30, 30, 30, 30, 30, 30, 30, 30, 30, 30, 30, 30, 30, 30, 30, 30, 30, 30, 30, 30, 30, 30, 30, 30, 30, 30, 30, 30, 30, 30, 30, 30, 30, 30, 30, 30, 30, 30, 30, 30, 30, 30, 30, 30, 30, 30, 30, 30, 30, 30, 30, 30, 30, 30, 30, 30, 30, 30, 30, 30, 30, 30, 30, 30, 30
  n_neurons: 89, 132, 142, 186, 27, 45, 44, 49, 39, 208, 199, 221, 205, 190, 190, 39, 22, 67, 46, 39, 436, 458, 410, 504, 478, 483, 194, 196, 157, 212, 251, 253, 286, 302, 200, 206, 29, 22, 14, 20, 13, 16, 156, 164, 122, 167, 110, 157, 161, 162, 146, 143, 175, 193, 209, 273, 242, 233, 254, 209, 136, 129, 48, 151, 183, 429, 487, 426, 556, 537, 530, 123, 138, 120, 125, 127, 155, 188, 179, 148, 151, 184, 171, 156, 175, 64, 49, 62, 62, 63, 108, 51, 551, 557, 604, 586, 666, 469, 556, 478, 415, 511, 457, 463, 477, 65, 98, 77, 85, 112, 52, 83, 110, 98, 91, 81, 85, 83, 76, 516, 487, 490, 578, 482, 560, 504, 558, 242, 245, 230, 254, 245, 252, 164, 132, 115, 134, 150, 158, 381, 354, 451, 392, 478, 363, 360, 340, 549, 422, 405, 197, 194, 128, 180, 120, 85, 95, 50, 69, 88, 59, 39, 13, 14, 11, 15, 7, 18, 18, 23, 15, 9, 12, 14, 17, 14, 12, 511, 534, 438, 517, 555, 591, 13, 9, 10, 9, 10, 6, 18, 36, 18, 13, 10, 37, 22, 20, 11, 18, 18, 27, 16, 10, 9, 8, 7, 7, 9, 10, 20, 21, 40, 29, 18, 19, 23, 30, 18, 25, 37, 26, 23, 20, 22, 22, 21, 18, 21, 15, 10, 13, 10, 13, 13, 17, 20
  Input range:
  Output range:
    0: [0.0, 4.0] [0.0, 4.0] [0.0, 2.0] [0.0, 3.0] [0.0, 4.0] [0.0, 4.0] [0.0, 4.0] [0.0, 4.0] [0.0, 4.0] [0.0, 4.0] [0.0, 4.0] [0.0, 4.0] [0.0, 4.0] [0.0, 4.0] [0.0, 4.0] [0.0, 2.0] [0.0, 3.0] [0.0, 4.0] [0.0, 4.0] [0.0, 4.0] [0.0, 4.0] [0.0, 4.0] [0.0, 4.0] [0.0, 4.0] [0.0, 4.0] [0.0, 4.0] [0.0, 4.0] [0.0, 4.0] [0.0, 4.0] [0.0, 4.0] [0.0, 4.0] [0.0, 4.0] [0.0, 4.0] [0.0, 4.0] [0.0, 4.0] [0.0, 4.0] [0.0, 4.0] [0.0, 4.0] [0.0, 4.0] [0.0, 4.0] [0.0, 4.0] [0.0, 4.0] [0.0, 4.0] [0.0, 4.0] [0.0, 4.0] [0.0, 3.0] [0.0, 4.0] [0.0, 4.0] [0.0, 4.0] [0.0, 4.0] [0.0, 4.0] [0.0, 4.0] [0.0, 4.0] [0.0, 4.0] [0.0, 4.0] [0.0, 4.0] [0.0, 4.0] [0.0, 4.0] [0.0, 4.0] [0.0, 4.0] [0.0, 4.0] [0.0, 4.0] [0.0, 4.0] [0.0, 4.0] [0.0, 4.0] [0.0, 4.0] [0.0, 4.0] [0.0, 3.0] [0.0, 4.0] [0.0, 4.0] [0.0, 4.0] [0.0, 4.0] [0.0, 4.0] [0.0, 4.0] [0.0, 4.0] [0.0, 4.0] [0.0, 4.0] [0.0, 4.0] [0.0, 4.0] [0.0, 4.0] [0.0, 4.0] [0.0, 4.0] [0.0, 4.0] [0.0, 4.0] [0.0, 4.0] [0.0, 4.0] [0.0, 4.0] [0.0, 4.0] [0.0, 4.0] [0.0, 4.0] [0.0, 4.0] [0.0, 4.0] [0.0, 4.0] [0.0, 4.0] [0.0, 4.0] [0.0, 4.0] [0.0, 4.0] [0.0, 4.0] [0.0, 4.0] [0.0, 4.0] [0.0, 4.0] [0.0, 4.0] [0.0, 4.0] [0.0, 4.0] [0.0, 4.0] [0.0, 4.0] [0.0, 4.0] [0.0, 4.0] [0.0, 4.0] [0.0, 4.0] [0.0, 4.0] [0.0, 4.0] [0.0, 4.0] [0.0, 4.0] [0.0, 4.0] [0.0, 4.0] [0.0, 4.0] [0.0, 4.0] [0.0, 4.0] [0.0, 4.0] [0.0, 4.0] [0.0, 4.0] [0.0, 4.0] [0.0, 4.0] [0.0, 4.0] [0.0, 4.0] [0.0, 4.0] [0.0, 4.0] [0.0, 4.0] [0.0, 4.0] [0.0, 4.0] [0.0, 4.0] [0.0, 4.0] [0.0, 4.0] [0.0, 4.0] [0.0, 4.0] [0.0, 4.0] [0.0, 4.0] [0.0, 4.0] [0.0, 4.0] [0.0, 4.0] [0.0, 4.0] [0.0, 4.0] [0.0, 4.0] [0.0, 4.0] [0.0, 4.0] [0.0, 4.0] [0.0, 4.0] [0.0, 4.0] [0.0, 4.0] [0.0, 4.0] [0.0, 4.0] [0.0, 4.0] [0.0, 4.0] [0.0, 4.0] [0.0, 4.0] [0.0, 4.0] [0.0, 4.0] [0.0, 4.0] [0.0, 4.0] [0.0, 4.0] [0.0, 4.0] [0.0, 4.0] [0.0, 4.0] [0.0, 4.0] [0.0, 4.0] [0.0, 3.0] [0.0, 4.0] [0.0, 3.0] [0.0, 3.0] [0.0, 4.0] [0.0, 4.0] [0.0, 4.0] [0.0, 3.0] [0.0, 3.0] [0.0, 3.0] [0.0, 3.0] [0.0, 4.0] [0.0, 4.0] [0.0, 4.0] [0.0, 4.0] [0.0, 4.0] [0.0, 4.0] [0.0, 3.0] [0.0, 3.0] [0.0, 3.0] [0.0, 3.0] [0.0, 3.0] [0.0, 3.0] [0.0, 4.0] [0.0, 4.0] [0.0, 4.0] [0.0, 4.0] [0.0, 4.0] [0.0, 4.0] [0.0, 4.0] [0.0, 4.0] [0.0, 4.0] [0.0, 4.0] [0.0, 4.0] [0.0, 4.0] [0.0, 4.0] [0.0, 3.0] [0.0, 3.0] [0.0, 3.0] [0.0, 3.0] [0.0, 3.0] [0.0, 3.0] [0.0, 3.0] [0.0, 3.0] [0.0, 3.0] [0.0, 3.0] [0.0, 4.0] [0.0, 4.0] [0.0, 4.0] [0.0, 4.0] [0.0, 4.0] [0.0, 4.0] [0.0, 4.0] [0.0, 4.0] [0.0, 4.0] [0.0, 4.0] [0.0, 4.0] [0.0, 4.0] [0.0, 4.0] [0.0, 4.0] [0.0, 4.0] [0.0, 4.0] [0.0, 4.0] [0.0, 2.0] [0.0, 3.0] [0.0, 3.0] [0.0, 2.0] [0.0, 2.0] [0.0, 3.0] [0.0, 3.0] 
    1: [2.0, 4.0] [0.0, 4.0] [0.0, 4.0] [0.0, 2.0] [1.0, 4.0] [0.0, 3.0] [2.0, 4.0] [2.0, 4.0] [2.0, 4.0] [0.0, 2.0] [0.0, 2.0] [0.0, 3.0] [0.0, 3.0] [0.0, 4.0] [0.0, 3.0] [0.0, 4.0] [0.0, 4.0] [0.0, 4.0] [0.0, 4.0] [0.0, 4.0] [0.0, 2.0] [0.0, 4.0] [0.0, 4.0] [0.0, 3.0] [0.0, 3.0] [0.0, 4.0] [0.0, 4.0] [0.0, 4.0] [0.0, 4.0] [0.0, 4.0] [0.0, 3.0] [0.0, 4.0] [0.0, 2.0] [1.0, 4.0] [0.0, 3.0] [0.0, 4.0] [0.0, 3.0] [0.0, 4.0] [0.0, 4.0] [0.0, 3.0] [0.0, 3.0] [0.0, 4.0] [0.0, 3.0] [0.0, 3.0] [0.0, 3.0] [0.0, 3.0] [0.0, 4.0] [0.0, 3.0] [0.0, 3.0] [0.0, 3.0] [0.0, 3.0] [0.0, 3.0] [0.0, 3.0] [0.0, 3.0] [1.0, 4.0] [0.0, 4.0] [1.0, 3.0] [1.0, 4.0] [0.0, 4.0] [1.0, 4.0] [1.0, 4.0] [0.0, 4.0] [0.0, 4.0] [0.0, 4.0] [0.0, 4.0] [0.0, 2.0] [0.0, 3.0] [0.0, 2.0] [0.0, 2.0] [0.0, 3.0] [0.0, 4.0] [0.0, 4.0] [0.0, 4.0] [0.0, 4.0] [0.0, 4.0] [0.0, 4.0] [0.0, 4.0] [0.0, 3.0] [0.0, 3.0] [0.0, 3.0] [0.0, 4.0] [0.0, 4.0] [0.0, 4.0] [0.0, 4.0] [0.0, 4.0] [0.0, 4.0] [0.0, 4.0] [0.0, 4.0] [0.0, 3.0] [0.0, 3.0] [0.0, 3.0] [0.0, 3.0] [0.0, 3.0] [0.0, 4.0] [2.0, 4.0] [0.0, 4.0] [1.0, 3.0] [1.0, 3.0] [0.0, 3.0] [2.0, 4.0] [1.0, 4.0] [1.0, 3.0] [2.0, 4.0] [0.0, 4.0] [0.0, 4.0] [0.0, 2.0] [0.0, 2.0] [0.0, 2.0] [0.0, 3.0] [0.0, 3.0] [0.0, 2.0] [0.0, 3.0] [0.0, 3.0] [0.0, 3.0] [1.0, 4.0] [0.0, 4.0] [2.0, 4.0] [3.0, 4.0] [3.0, 4.0] [0.0, 2.0] [0.0, 3.0] [0.0, 2.0] [0.0, 2.0] [0.0, 3.0] [0.0, 1.0] [0.0, 3.0] [0.0, 1.0] [0.0, 4.0] [0.0, 3.0] [0.0, 4.0] [0.0, 4.0] [1.0, 4.0] [0.0, 3.0] [1.0, 4.0] [0.0, 4.0] [1.0, 4.0] [0.0, 4.0] [0.0, 4.0] [2.0, 4.0] [0.0, 4.0] [1.0, 4.0] [0.0, 4.0] [1.0, 4.0] [0.0, 4.0] [0.0, 4.0] [0.0, 4.0] [1.0, 4.0] [1.0, 4.0] [1.0, 4.0] [0.0, 4.0] [1.0, 4.0] [0.0, 4.0] [0.0, 4.0] [1.0, 4.0] [2.0, 4.0] [1.0, 4.0] [2.0, 4.0] [0.0, 4.0] [0.0, 4.0] [1.0, 4.0] [0.0, 4.0] [1.0, 4.0] [0.0, 3.0] [0.0, 3.0] [0.0, 3.0] [0.0, 4.0] [0.0, 3.0] [0.0, 4.0] [0.0, 4.0] [0.0, 4.0] [0.0, 4.0] [0.0, 3.0] [0.0, 4.0] [0.0, 3.0] [0.0, 4.0] [0.0, 4.0] [0.0, 4.0] [0.0, 3.0] [0.0, 2.0] [0.0, 3.0] [0.0, 2.0] [0.0, 3.0] [0.0, 3.0] [0.0, 4.0] [0.0, 4.0] [0.0, 4.0] [1.0, 4.0] [0.0, 4.0] [2.0, 4.0] [2.0, 4.0] [1.0, 4.0] [2.0, 4.0] [3.0, 4.0] [1.0, 4.0] [2.0, 4.0] [0.0, 4.0] [1.0, 4.0] [1.0, 4.0] [2.0, 4.0] [2.0, 4.0] [0.0, 4.0] [1.0, 4.0] [0.0, 4.0] [2.0, 4.0] [3.0, 4.0] [0.0, 4.0] [0.0, 4.0] [0.0, 4.0] [0.0, 4.0] [0.0, 4.0] [0.0, 4.0] [1.0, 4.0] [0.0, 4.0] [0.0, 4.0] [0.0, 4.0] [0.0, 3.0] [1.0, 2.0] [0.0, 3.0] [1.0, 3.0] [1.0, 3.0] [2.0, 4.0] [1.0, 4.0] [0.0, 4.0] [3.0, 4.0] [0.0, 4.0] [3.0, 4.0] [3.0, 4.0] [1.0, 4.0] [3.0, 4.0] [0.0, 4.0] [0.0, 4.0] [0.0, 4.0] [0.0, 4.0] [0.0, 4.0] [0.0, 4.0] [0.0, 4.0] 
    2: [5.0, 14.0] [5.0, 14.0] [0.0, 15.0] [0.0, 15.0] [5.0, 14.0] [5.0, 14.0] [0.0, 15.0] [0.0, 15.0] [5.0, 14.0] [5.0, 14.0] [5.0, 14.0] [0.0, 15.0] [0.0, 15.0] [0.0, 15.0] [5.0, 14.0] [5.0, 14.0] [0.0, 15.0] [0.0, 15.0] [0.0, 15.0] [5.0, 14.0] [5.0, 14.0] [5.0, 14.0] [5.0, 14.0] [0.0, 15.0] [0.0, 15.0] [0.0, 15.0] [5.0, 14.0] [0.0, 15.0] [5.0, 14.0] [0.0, 15.0] [5.0, 14.0] [5.0, 14.0] [5.0, 14.0] [0.0, 15.0] [0.0, 15.0] [0.0, 15.0] [5.0, 14.0] [0.0, 15.0] [0.0, 15.0] [0.0, 15.0] [5.0, 14.0] [5.0, 14.0] [5.0, 14.0] [0.0, 15.0] [0.0, 15.0] [5.0, 14.0] [5.0, 14.0] [5.0, 14.0] [5.0, 14.0] [0.0, 15.0] [0.0, 15.0] [0.0, 15.0] [5.0, 14.0] [0.0, 15.0] [5.0, 14.0] [5.0, 14.0] [5.0, 14.0] [0.0, 15.0] [0.0, 15.0] [0.0, 15.0] [5.0, 14.0] [5.0, 14.0] [0.0, 15.0] [0.0, 15.0] [0.0, 15.0] [5.0, 14.0] [5.0, 14.0] [5.0, 14.0] [0.0, 15.0] [0.0, 15.0] [0.0, 15.0] [5.0, 14.0] [5.0, 14.0] [5.0, 14.0] [0.0, 15.0] [0.0, 15.0] [0.0, 15.0] [5.0, 14.0] [5.0, 14.0] [0.0, 15.0] [0.0, 15.0] [5.0, 14.0] [0.0, 15.0] [0.0, 15.0] [5.0, 14.0] [5.0, 14.0] [0.0, 15.0] [0.0, 15.0] [0.0, 15.0] [5.0, 14.0] [5.0, 14.0] [5.0, 14.0] [0.0, 15.0] [5.0, 14.0] [5.0, 14.0] [5.0, 14.0] [5.0, 14.0] [0.0, 15.0] [0.0, 15.0] [5.0, 14.0] [5.0, 14.0] [0.0, 15.0] [0.0, 15.0] [0.0, 15.0] [0.0, 15.0] [5.0, 14.0] [5.0, 14.0] [5.0, 14.0] [5.0, 14.0] [5.0, 14.0] [5.0, 14.0] [0.0, 15.0] [0.0, 15.0] [0.0, 15.0] [5.0, 14.0] [5.0, 14.0] [5.0, 14.0] [0.0, 15.0] [0.0, 15.0] [5.0, 14.0] [5.0, 14.0] [5.0, 14.0] [0.0, 15.0] [0.0, 15.0] [0.0, 15.0] [0.0, 15.0] [0.0, 15.0] [5.0, 14.0] [5.0, 14.0] [5.0, 14.0] [0.0, 15.0] [0.0, 15.0] [0.0, 15.0] [5.0, 14.0] [5.0, 14.0] [5.0, 14.0] [0.0, 15.0] [0.0, 15.0] [0.0, 15.0] [5.0, 14.0] [5.0, 14.0] [5.0, 14.0] [5.0, 14.0] [5.0, 14.0] [5.0, 14.0] [5.0, 14.0] [5.0, 14.0] [0.0, 15.0] [0.0, 15.0] [0.0, 15.0] [5.0, 14.0] [5.0, 14.0] [5.0, 14.0] [0.0, 15.0] [0.0, 15.0] [0.0, 15.0] [5.0, 14.0] [5.0, 14.0] [5.0, 14.0] [0.0, 15.0] [0.0, 15.0] [0.0, 15.0] [5.0, 14.0] [5.0, 14.0] [5.0, 14.0] [0.0, 15.0] [0.0, 15.0] [0.0, 15.0] [5.0, 14.0] [5.0, 14.0] [5.0, 14.0] [5.0, 14.0] [5.0, 14.0] [5.0, 14.0] [0.0, 15.0] [0.0, 15.0] [0.0, 15.0] [5.0, 14.0] [5.0, 14.0] [5.0, 14.0] [0.0, 15.0] [0.0, 15.0] [0.0, 15.0] [5.0, 14.0] [5.0, 14.0] [5.0, 14.0] [0.0, 15.0] [0.0, 15.0] [0.0, 15.0] [5.0, 14.0] [5.0, 14.0] [5.0, 14.0] [0.0, 15.0] [0.0, 15.0] [0.0, 15.0] [5.0, 14.0] [5.0, 14.0] [5.0, 14.0] [5.0, 14.0] [0.0, 15.0] [0.0, 15.0] [0.0, 15.0] [5.0, 14.0] [5.0, 14.0] [5.0, 14.0] [5.0, 14.0] [0.0, 15.0] [0.0, 15.0] [0.0, 15.0] [5.0, 14.0] [5.0, 14.0] [5.0, 14.0] [5.0, 14.0] [0.0, 15.0] [0.0, 15.0] [0.0, 15.0] [5.0, 14.0] [5.0, 14.0] [0.0, 15.0] [0.0, 15.0] [0.0, 15.0] [0.0, 15.0] [5.0, 14.0] [5.0, 14.0] [5.0, 14.0] [5.0, 14.0] [0.0, 15.0] [0.0, 15.0] [0.0, 15.0] [5.0, 14.0] [5.0, 14.0] [5.0, 14.0] [0.0, 15.0] [0.0, 15.0] [0.0, 15.0] [0.0, 15.0] 
    3: [0.0, 2.0] [1.0, 3.0] [0.0, 3.0] [1.0, 3.0] [0.0, 3.0] [0.0, 3.0] [1.0, 3.0] [0.0, 3.0] [1.0, 3.0] [0.0, 3.0] [0.0, 3.0] [0.0, 3.0] [1.0, 3.0] [0.0, 3.0] [1.0, 3.0] [0.0, 3.0] [0.0, 3.0] [1.0, 3.0] [0.0, 3.0] [1.0, 3.0] [0.0, 3.0] [1.0, 3.0] [0.0, 3.0] [0.0, 3.0] [1.0, 3.0] [0.0, 3.0] [0.0, 3.0] [0.0, 3.0] [1.0, 3.0] [0.0, 3.0] [0.0, 3.0] [1.0, 3.0] [0.0, 3.0] [0.0, 3.0] [0.0, 3.0] [1.0, 3.0] [0.0, 3.0] [0.0, 3.0] [1.0, 3.0] [1.0, 3.0] [0.0, 3.0] [1.0, 3.0] [1.0, 3.0] [0.0, 3.0] [0.0, 3.0] [0.0, 3.0] [0.0, 3.0] [0.0, 3.0] [0.0, 3.0] [0.0, 3.0] [0.0, 3.0] [0.0, 3.0] [1.0, 3.0] [1.0, 3.0] [0.0, 3.0] [1.0, 3.0] [0.0, 3.0] [0.0, 3.0] [1.0, 3.0] [0.0, 3.0] [0.0, 3.0] [1.0, 3.0] [0.0, 3.0] [0.0, 3.0] [1.0, 3.0] [0.0, 3.0] [1.0, 3.0] [0.0, 3.0] [0.0, 3.0] [0.0, 3.0] [1.0, 3.0] [0.0, 3.0] [1.0, 3.0] [0.0, 3.0] [0.0, 3.0] [0.0, 3.0] [1.0, 3.0] [0.0, 3.0] [1.0, 3.0] [1.0, 3.0] [0.0, 3.0] [0.0, 3.0] [0.0, 3.0] [0.0, 3.0] [0.0, 3.0] [0.0, 3.0] [0.0, 3.0] [1.0, 3.0] [0.0, 3.0] [0.0, 3.0] [0.0, 3.0] [1.0, 3.0] [1.0, 3.0] [0.0, 3.0] [0.0, 3.0] [1.0, 3.0] [0.0, 3.0] [0.0, 3.0] [0.0, 3.0] [1.0, 3.0] [0.0, 3.0] [0.0, 3.0] [0.0, 3.0] [0.0, 3.0] [1.0, 3.0] [0.0, 3.0] [0.0, 3.0] [0.0, 3.0] [0.0, 3.0] [1.0, 3.0] [0.0, 3.0] [0.0, 3.0] [1.0, 3.0] [0.0, 3.0] [1.0, 3.0] [0.0, 3.0] [0.0, 3.0] [0.0, 3.0] [1.0, 3.0] [0.0, 3.0] [1.0, 3.0] [0.0, 3.0] [1.0, 3.0] [0.0, 3.0] [0.0, 3.0] [0.0, 3.0] [0.0, 3.0] [0.0, 3.0] [1.0, 3.0] [0.0, 3.0] [0.0, 3.0] [0.0, 3.0] [1.0, 3.0] [0.0, 3.0] [1.0, 3.0] [0.0, 3.0] [0.0, 3.0] [1.0, 3.0] [0.0, 3.0] [0.0, 3.0] [0.0, 3.0] [0.0, 3.0] [0.0, 3.0] [1.0, 3.0] [0.0, 3.0] [0.0, 3.0] [0.0, 3.0] [0.0, 3.0] [0.0, 3.0] [1.0, 3.0] [0.0, 3.0] [0.0, 3.0] [1.0, 3.0] [0.0, 3.0] [0.0, 3.0] [1.0, 3.0] [0.0, 3.0] [1.0, 3.0] [0.0, 3.0] [0.0, 3.0] [1.0, 3.0] [0.0, 3.0] [1.0, 3.0] [1.0, 3.0] [0.0, 3.0] [0.0, 3.0] [1.0, 3.0] [0.0, 3.0] [0.0, 3.0] [0.0, 3.0] [1.0, 3.0] [0.0, 3.0] [0.0, 3.0] [0.0, 3.0] [0.0, 3.0] [0.0, 3.0] [1.0, 3.0] [0.0, 3.0] [1.0, 3.0] [0.0, 3.0] [0.0, 3.0] [0.0, 3.0] [1.0, 3.0] [0.0, 3.0] [0.0, 3.0] [1.0, 3.0] [0.0, 3.0] [1.0, 3.0] [0.0, 3.0] [0.0, 3.0] [0.0, 3.0] [1.0, 3.0] [0.0, 3.0] [1.0, 3.0] [0.0, 3.0] [0.0, 3.0] [0.0, 3.0] [1.0, 3.0] [0.0, 3.0] [0.0, 3.0] [1.0, 3.0] [0.0, 3.0] [0.0, 3.0] [1.0, 3.0] [0.0, 3.0] [0.0, 3.0] [0.0, 3.0] [1.0, 3.0] [0.0, 3.0] [0.0, 3.0] [0.0, 3.0] [1.0, 3.0] [0.0, 3.0] [0.0, 3.0] [1.0, 3.0] [0.0, 3.0] [0.0, 3.0] [0.0, 3.0] [0.0, 3.0] [1.0, 3.0] [0.0, 3.0] [0.0, 3.0] [0.0, 3.0] [1.0, 3.0] [0.0, 3.0] [0.0, 3.0] [0.0, 3.0] [1.0, 3.0] [0.0, 3.0] [0.0, 3.0] [1.0, 3.0] [0.0, 3.0] [0.0, 3.0] [1.0, 3.0] [0.0, 3.0] [0.0, 3.0] 
  Output fraction of data:
running_speed: (0.284 0.227 0.385 0.389 0.078 0.004 0.001 0.002 0.013 0.208 0.206 0.203 0.032 0.144 0.018 0.403 0.276 0.285 0.104 0.215 0.212 0.304 0.197 0.169 0.240 0.184 0.345 0.270 0.324 0.209 0.082 0.219 0.028 0.086 0.117 0.127 0.044 0.062 0.131 0.148 0.144 0.163 0.276 0.283 0.367 0.285 0.215 0.223 0.188 0.216 0.286 0.259 0.279 0.240 0.182 0.149 0.226 0.165 0.159 0.142 0.039 0.134 0.229 0.273 0.289 0.184 0.229 0.252 0.386 0.394 0.367 0.254 0.213 0.295 0.342 0.344 0.237 0.055 0.331 0.323 0.087 0.100 0.097 0.225 0.170 0.230 0.226 0.369 0.284 0.326 0.258 0.407 0.179 0.121 0.050 0.344 0.045 0.050 0.050 0.190 0.285 0.370 0.270 0.221 0.175 0.054 0.022 0.104 0.317 0.226 0.213 0.148 0.123 0.059 0.014 0.231 0.230 0.364 0.030 0.032 0.365 0.230 0.278 0.182 0.249 0.248 0.217 0.295 0.178 0.317 0.345 0.341 0.150 0.098 0.258 0.064 0.033 0.324 0.014 0.185 0.186 0.179 0.161 0.210 0.200 0.164 0.132 0.053 0.089 0.163 0.292 0.357 0.361 0.163 0.170 0.154 0.138 0.159 0.226 0.115 0.187 0.115 0.132 0.229 0.278 0.141 0.371 0.185 0.338 0.365 0.251 0.163 0.166 0.258 0.314 0.375 0.402 0.166 0.202 0.135 0.146 0.198 0.297 0.279 0.325 0.314 0.336 0.332 0.348 0.051 0.141 0.057 0.065 0.074 0.167 0.089 0.050 0.148 0.224 0.059 0.112 0.216 0.186 0.152 0.170 0.223 0.257 0.284 0.325 0.189 0.183 0.252 0.034 0.122 0.070 0.076 0.119 0.096 0.145 0.009 0.214 0.122 0.048 0.132 0.077 0.030 0.030 0.121 0.043 0.414 0.413 0.446 0.418 0.409 0.442 0.435)  0.058 0.254 0.558 0.469 0.045 0.001 0.001 0.002 0.009 0.035 0.030 0.016 0.023 0.026 0.020 0.513 0.351 0.286 0.076 0.272 0.214 0.502 0.197 0.202 0.422 0.219 0.226 0.167 0.403 0.135 0.034 0.260 0.020 0.042 0.021 0.145 0.030 0.065 0.152 0.171 0.164 0.179 0.349 0.261 0.323 0.269 0.062 0.088 0.065 0.068 0.214 0.152 0.329 0.269 0.031 0.172 0.026 0.021 0.179 0.018 0.021 0.201 0.117 0.136 0.484 0.015 0.249 0.116 0.329 0.352 0.470 0.116 0.345 0.157 0.147 0.079 0.383 0.026 0.499 0.507 0.067 0.073 0.089 0.326 0.179 0.221 0.146 0.459 0.276 0.268 0.027 0.477 0.191 0.111 0.038 0.416 0.015 0.007 0.033 0.285 0.049 0.012 0.010 0.019 0.268 0.015 0.017 0.038 0.139 0.367 0.080 0.058 0.169 0.015 0.014 0.059 0.026 0.020 0.015 0.019 0.468 0.260 0.296 0.199 0.247 0.293 0.234 0.121 0.159 0.063 0.072 0.083 0.137 0.160 0.412 0.074 0.024 0.508 0.005 0.267 0.255 0.263 0.217 0.362 0.273 0.218 0.108 0.021 0.061 0.241 0.145 0.164 0.458 0.063 0.025 0.095 0.059 0.210 0.182 0.163 0.277 0.085 0.091 0.229 0.097 0.086 0.388 0.014 0.232 0.256 0.218 0.130 0.165 0.297 0.366 0.354 0.380 0.047 0.161 0.022 0.007 0.073 0.262 0.495 0.525 0.542 0.538 0.572 0.552 0.007 0.103 0.053 0.007 0.053 0.094 0.103 0.042 0.073 0.066 0.019 0.100 0.069 0.339 0.304 0.290 0.385 0.409 0.473 0.559 0.198 0.274 0.401 0.018 0.034 0.067 0.016 0.008 0.066 0.024 0.002 0.045 0.030 0.018 0.178 0.070 0.011 0.007 0.166 0.042 0.471 0.480 0.471 0.457 0.411 0.455 0.451)  0.309 0.177 0.056 0.136 0.300 0.324 0.027 0.222 0.076 0.427 0.401 0.252 0.141 0.378 0.140 0.084 0.361 0.242 0.466 0.178 0.199 0.073 0.190 0.218 0.087 0.165 0.420 0.362 0.076 0.253 0.324 0.076 0.441 0.310 0.361 0.058 0.083 0.102 0.142 0.170 0.142 0.137 0.205 0.238 0.242 0.279 0.360 0.087 0.137 0.128 0.181 0.114 0.070 0.061 0.345 0.186 0.263 0.293 0.116 0.389 0.539 0.098 0.247 0.226 0.090 0.256 0.102 0.290 0.258 0.176 0.089 0.170 0.090 0.120 0.139 0.174 0.073 0.399 0.084 0.059 0.371 0.502 0.363 0.136 0.169 0.278 0.219 0.077 0.131 0.133 0.209 0.091 0.151 0.245 0.364 0.098 0.190 0.181 0.256 0.119 0.126 0.105 0.126 0.136 0.121 0.324 0.414 0.429 0.182 0.074 0.353 0.434 0.133 0.563 0.054 0.183 0.224 0.154 0.038 0.208 0.108 0.211 0.165 0.235 0.439 0.353 0.465 0.111 0.138 0.093 0.082 0.106 0.104 0.274 0.106 0.305 0.359 0.079 0.373 0.237 0.220 0.225 0.286 0.171 0.212 0.230 0.610 0.529 0.433 0.107 0.201 0.193 0.108 0.358 0.368 0.145 0.242 0.139 0.213 0.103 0.132 0.179 0.182 0.198 0.288 0.273 0.225 0.367 0.403 0.307 0.180 0.573 0.423 0.413 0.296 0.255 0.189 0.174 0.195 0.275 0.365 0.407 0.275 0.193 0.149 0.136 0.124 0.091 0.099 0.088 0.126 0.081 0.094 0.092 0.201 0.390 0.434 0.155 0.307 0.239 0.121 0.308 0.462 0.499 0.461 0.375 0.312 0.158 0.115 0.566 0.409 0.194 0.126 0.209 0.184 0.228 0.126 0.112 0.202 0.032 0.264 0.195 0.384 0.194 0.389 0.290 0.440 0.174 0.324 0.115 0.107 0.083 0.125 0.179 0.102 0.113)  0.193 0.340 0.000 0.006 0.274 0.366 0.099 0.404 0.264 0.221 0.275 0.242 0.436 0.263 0.737 0.000 0.011 0.186 0.349 0.331 0.195 0.052 0.184 0.200 0.087 0.171 0.008 0.116 0.041 0.144 0.266 0.060 0.253 0.227 0.239 0.138 0.335 0.240 0.307 0.204 0.225 0.189 0.169 0.218 0.067 0.168 0.363 0.205 0.421 0.319 0.262 0.202 0.039 0.118 0.170 0.194 0.149 0.155 0.180 0.161 0.246 0.164 0.230 0.272 0.065 0.423 0.232 0.341 0.026 0.069 0.058 0.257 0.107 0.170 0.231 0.263 0.154 0.246 0.069 0.036 0.290 0.201 0.202 0.107 0.174 0.167 0.209 0.044 0.083 0.102 0.235 0.025 0.231 0.271 0.388 0.115 0.352 0.295 0.290 0.191 0.177 0.153 0.123 0.179 0.162 0.390 0.387 0.292 0.279 0.092 0.254 0.243 0.264 0.282 0.191 0.204 0.197 0.191 0.109 0.578 0.038 0.292 0.100 0.181 0.043 0.095 0.081 0.136 0.123 0.126 0.138 0.139 0.081 0.394 0.161 0.398 0.458 0.054 0.373 0.164 0.153 0.194 0.183 0.136 0.174 0.188 0.147 0.324 0.324 0.230 0.235 0.191 0.056 0.144 0.151 0.229 0.341 0.321 0.247 0.247 0.240 0.451 0.127 0.105 0.094 0.166 0.016 0.223 0.027 0.073 0.275 0.134 0.194 0.033 0.025 0.016 0.029 0.526 0.184 0.470 0.435 0.250 0.066 0.033 0.001 0.008 0.002 0.006 0.001 0.252 0.293 0.290 0.405 0.301 0.346 0.368 0.433 0.290 0.382 0.354 0.248 0.325 0.013 0.045 0.080 0.017 0.022 0.085 0.001 0.047 0.134 0.154 0.326 0.583 0.560 0.228 0.395 0.272 0.352 0.317 0.262 0.450 0.493 0.416 0.385 0.389 0.347 0.298 0.324 0.000 0.000 0.001 0.000 0.000 0.001 0.001)  0.156 0.001 0.000 0.000 0.303 0.304 0.872 0.371 0.639 0.109 0.087 0.286 0.368 0.189 0.084 0.000 0.000 0.000 0.005 0.003 0.180 0.068 0.232 0.212 0.164 0.260 0.001 0.085 0.155 0.259 0.293 0.386 0.258 0.335 0.262 0.532 0.508 0.531 0.268 0.306 0.324 0.333 0.002 0.001 0.001 0.000 0.000 0.396 0.189 0.269 0.058 0.273 0.284 0.311 0.273 0.299 0.336 0.367 0.366 0.290 0.155 0.402 0.177 0.093 0.072 0.123 0.188 0.000 0.001 0.009 0.016 0.204 0.244 0.257 0.140 0.139 0.152 0.273 0.017 0.075 0.184 0.125 0.249 0.207 0.309 0.105 0.199 0.049 0.225 0.171 0.271 0.000 0.248 0.252 0.160 0.025 0.398 0.466 0.372 0.215 0.363 0.359 0.470 0.445 0.274 0.216 0.159 0.137 0.083 0.241 0.099 0.116 0.310 0.081 0.726 0.323 0.322 0.271 0.808 0.161 0.021 0.007 0.161 0.203 0.022 0.010 0.003 0.337 0.402 0.402 0.362 0.331 0.527 0.074 0.062 0.159 0.126 0.036 0.236 0.146 0.187 0.139 0.152 0.122 0.142 0.199 0.002 0.072 0.093 0.260 0.127 0.094 0.017 0.273 0.286 0.378 0.220 0.171 0.133 0.373 0.164 0.171 0.468 0.238 0.244 0.334 0.000 0.210 0.000 0.000 0.077 0.001 0.051 0.000 0.000 0.000 0.000 0.087 0.259 0.098 0.047 0.072 0.100 0.000 0.000 0.000 0.000 0.000 0.000 0.602 0.337 0.520 0.429 0.481 0.193 0.050 0.041 0.334 0.022 0.329 0.418 0.083 0.000 0.000 0.000 0.000 0.000 0.000 0.000 0.000 0.000 0.000 0.496 0.052 0.119 0.451 0.353 0.454 0.276 0.640 0.215 0.202 0.057 0.080 0.078 0.280 0.177 0.242 0.267 0.000 0.000 0.000 0.000 0.000 0.000 0.000)  
pupil_diameter: (0.000 0.416 0.428 0.918 0.000 0.001 0.000 0.000 0.000 0.066 0.685 0.433 0.024 0.109 0.071 0.294 0.773 0.291 0.011 0.294 0.461 0.782 0.192 0.522 0.611 0.264 0.356 0.305 0.014 0.171 0.168 0.325 0.022 0.000 0.119 0.026 0.263 0.012 0.106 0.235 0.709 0.158 0.401 0.335 0.481 0.242 0.008 0.030 0.039 0.013 0.326 0.030 0.413 0.470 0.000 0.008 0.000 0.000 0.002 0.000 0.000 0.271 0.084 0.085 0.563 0.405 0.497 0.883 0.907 0.716 0.803 0.006 0.386 0.147 0.043 0.011 0.397 0.001 0.811 0.603 0.144 0.087 0.109 0.402 0.189 0.133 0.001 0.012 0.272 0.528 0.006 0.840 0.191 0.000 0.000 0.358 0.000 0.000 0.229 0.000 0.000 0.000 0.000 0.000 0.041 0.821 0.531 0.713 0.071 0.332 0.498 0.029 0.504 0.001 0.000 0.000 0.000 0.000 0.000 0.263 0.877 0.700 0.713 0.385 0.957 0.897 0.987 0.057 0.195 0.055 0.000 0.000 0.118 0.000 0.036 0.000 0.001 0.288 0.000 0.001 0.000 0.000 0.000 0.001 0.002 0.005 0.000 0.000 0.000 0.006 0.000 0.018 0.153 0.000 0.000 0.000 0.000 0.002 0.000 0.000 0.000 0.000 0.353 0.208 0.159 0.016 0.855 0.089 0.566 0.349 0.255 0.181 0.145 0.628 0.315 0.767 0.420 0.949 0.620 0.536 0.745 0.335 0.796 0.010 0.000 0.001 0.000 0.001 0.000 0.000 0.000 0.000 0.000 0.000 0.000 0.056 0.000 0.000 0.000 0.000 0.011 0.000 0.002 0.000 0.000 0.073 0.005 0.001 0.034 0.038 0.006 0.000 0.000 0.004 0.067 0.015 0.000 0.095 0.000 0.000 0.000 0.000 0.174 0.000 0.000 0.000 0.000 0.000 0.000 0.003 0.131 0.598 0.190 0.068 0.017 0.004)  0.000 0.066 0.403 0.063 0.186 0.474 0.000 0.000 0.000 0.888 0.314 0.461 0.454 0.546 0.761 0.251 0.123 0.248 0.079 0.174 0.511 0.083 0.343 0.393 0.155 0.379 0.585 0.306 0.251 0.242 0.483 0.265 0.856 0.483 0.735 0.103 0.518 0.328 0.387 0.406 0.252 0.400 0.205 0.374 0.446 0.460 0.487 0.484 0.354 0.187 0.556 0.357 0.201 0.203 0.206 0.101 0.032 0.000 0.071 0.001 0.001 0.054 0.069 0.089 0.153 0.496 0.397 0.115 0.079 0.122 0.102 0.065 0.073 0.252 0.264 0.277 0.171 0.192 0.080 0.249 0.627 0.605 0.574 0.310 0.356 0.221 0.040 0.364 0.346 0.422 0.550 0.107 0.253 0.073 0.000 0.134 0.224 0.244 0.609 0.000 0.000 0.017 0.000 0.097 0.205 0.173 0.463 0.256 0.684 0.322 0.465 0.503 0.384 0.444 0.000 0.502 0.000 0.000 0.000 0.730 0.057 0.287 0.263 0.486 0.043 0.090 0.013 0.495 0.457 0.399 0.384 0.162 0.507 0.028 0.375 0.038 0.013 0.362 0.000 0.110 0.064 0.075 0.023 0.076 0.052 0.026 0.051 0.013 0.002 0.050 0.000 0.077 0.239 0.001 0.000 0.002 0.000 0.023 0.222 0.039 0.095 0.016 0.556 0.530 0.580 0.183 0.104 0.293 0.259 0.345 0.125 0.428 0.271 0.281 0.447 0.113 0.304 0.042 0.301 0.330 0.244 0.545 0.149 0.003 0.000 0.001 0.000 0.006 0.000 0.000 0.003 0.000 0.000 0.000 0.000 0.040 0.024 0.007 0.000 0.000 0.066 0.004 0.000 0.000 0.000 0.101 0.032 0.064 0.209 0.258 0.164 0.011 0.029 0.029 0.114 0.407 0.343 0.189 0.006 0.000 0.000 0.004 0.027 0.000 0.001 0.000 0.000 0.003 0.000 0.151 0.476 0.273 0.423 0.270 0.281 0.112)  0.140 0.022 0.110 0.020 0.607 0.512 0.056 0.161 0.000 0.047 0.001 0.100 0.426 0.260 0.165 0.108 0.042 0.074 0.107 0.051 0.028 0.073 0.385 0.074 0.194 0.257 0.054 0.028 0.343 0.037 0.218 0.295 0.122 0.216 0.141 0.271 0.204 0.431 0.250 0.313 0.036 0.309 0.328 0.266 0.069 0.245 0.351 0.403 0.578 0.524 0.114 0.442 0.269 0.269 0.704 0.381 0.841 0.274 0.197 0.387 0.183 0.326 0.351 0.043 0.145 0.100 0.082 0.002 0.014 0.106 0.061 0.400 0.062 0.344 0.571 0.636 0.211 0.730 0.051 0.114 0.210 0.276 0.258 0.223 0.375 0.180 0.622 0.390 0.174 0.048 0.425 0.037 0.510 0.336 0.003 0.218 0.765 0.643 0.162 0.023 0.076 0.759 0.023 0.779 0.357 0.006 0.006 0.031 0.193 0.287 0.037 0.452 0.108 0.527 0.031 0.414 0.296 0.000 0.000 0.007 0.049 0.013 0.024 0.057 0.000 0.007 0.000 0.201 0.286 0.273 0.216 0.376 0.369 0.120 0.199 0.089 0.029 0.157 0.078 0.330 0.275 0.242 0.181 0.253 0.188 0.149 0.401 0.085 0.039 0.273 0.015 0.316 0.315 0.141 0.032 0.058 0.120 0.157 0.437 0.241 0.297 0.084 0.089 0.236 0.257 0.430 0.040 0.426 0.126 0.151 0.328 0.295 0.409 0.067 0.129 0.042 0.139 0.008 0.079 0.133 0.011 0.107 0.055 0.005 0.000 0.005 0.001 0.006 0.000 0.005 0.275 0.005 0.000 0.017 0.023 0.170 0.160 0.066 0.010 0.119 0.124 0.140 0.000 0.000 0.000 0.088 0.127 0.313 0.270 0.288 0.265 0.175 0.082 0.181 0.211 0.560 0.657 0.690 0.941 0.282 0.007 0.467 0.028 0.000 0.001 0.000 0.000 0.038 0.000 0.411 0.209 0.078 0.245 0.339 0.399 0.318)  0.756 0.184 0.053 0.000 0.206 0.014 0.477 0.546 0.161 0.000 0.000 0.006 0.097 0.031 0.003 0.108 0.031 0.046 0.145 0.156 0.000 0.058 0.078 0.011 0.041 0.100 0.001 0.116 0.269 0.254 0.132 0.110 0.000 0.263 0.005 0.365 0.016 0.226 0.242 0.046 0.004 0.129 0.067 0.025 0.005 0.053 0.150 0.083 0.028 0.276 0.004 0.172 0.118 0.058 0.090 0.447 0.127 0.683 0.561 0.557 0.530 0.334 0.399 0.480 0.127 0.000 0.023 0.000 0.000 0.056 0.032 0.332 0.385 0.221 0.096 0.071 0.204 0.078 0.058 0.034 0.019 0.032 0.056 0.064 0.073 0.453 0.285 0.155 0.208 0.002 0.019 0.015 0.046 0.543 0.492 0.199 0.011 0.113 0.000 0.253 0.505 0.224 0.817 0.121 0.389 0.000 0.000 0.000 0.052 0.059 0.000 0.016 0.005 0.028 0.880 0.082 0.559 0.442 0.009 0.000 0.017 0.000 0.000 0.071 0.000 0.006 0.000 0.224 0.062 0.247 0.323 0.366 0.006 0.628 0.262 0.544 0.642 0.115 0.717 0.429 0.439 0.386 0.390 0.408 0.319 0.242 0.231 0.161 0.591 0.497 0.380 0.388 0.191 0.529 0.430 0.506 0.710 0.539 0.250 0.664 0.524 0.569 0.002 0.026 0.003 0.367 0.001 0.136 0.043 0.098 0.233 0.096 0.134 0.024 0.082 0.043 0.069 0.002 0.000 0.002 0.000 0.014 0.001 0.011 0.012 0.009 0.005 0.009 0.011 0.264 0.315 0.165 0.027 0.449 0.448 0.476 0.427 0.379 0.041 0.535 0.331 0.441 0.000 0.000 0.017 0.195 0.207 0.251 0.278 0.187 0.287 0.314 0.105 0.503 0.607 0.019 0.000 0.026 0.054 0.718 0.929 0.521 0.059 0.012 0.016 0.004 0.015 0.266 0.053 0.256 0.097 0.040 0.071 0.221 0.236 0.382)  0.104 0.311 0.006 0.000 0.001 0.000 0.467 0.293 0.839 0.000 0.000 0.000 0.000 0.054 0.000 0.238 0.031 0.342 0.658 0.324 0.000 0.003 0.002 0.000 0.000 0.000 0.005 0.245 0.124 0.296 0.000 0.004 0.000 0.038 0.000 0.236 0.000 0.003 0.015 0.000 0.000 0.004 0.000 0.000 0.000 0.000 0.004 0.000 0.000 0.000 0.000 0.000 0.000 0.000 0.001 0.062 0.000 0.043 0.168 0.055 0.287 0.014 0.096 0.303 0.011 0.000 0.000 0.000 0.000 0.000 0.002 0.197 0.093 0.036 0.025 0.004 0.017 0.000 0.000 0.000 0.000 0.000 0.003 0.000 0.007 0.013 0.052 0.079 0.000 0.000 0.000 0.000 0.000 0.048 0.505 0.090 0.000 0.000 0.000 0.724 0.419 0.000 0.160 0.003 0.009 0.000 0.000 0.000 0.000 0.000 0.000 0.000 0.000 0.000 0.089 0.002 0.145 0.558 0.991 0.000 0.000 0.000 0.000 0.000 0.000 0.000 0.000 0.022 0.000 0.025 0.076 0.097 0.000 0.224 0.129 0.329 0.315 0.078 0.205 0.131 0.223 0.297 0.406 0.261 0.439 0.577 0.317 0.741 0.368 0.174 0.605 0.201 0.102 0.329 0.539 0.434 0.170 0.279 0.090 0.057 0.084 0.332 0.000 0.000 0.000 0.004 0.000 0.056 0.005 0.058 0.058 0.000 0.041 0.000 0.028 0.035 0.068 0.000 0.000 0.000 0.000 0.000 0.000 0.970 0.987 0.984 0.994 0.977 0.989 0.731 0.407 0.830 0.973 0.534 0.529 0.258 0.389 0.548 0.949 0.345 0.468 0.415 0.998 0.999 0.983 0.543 0.629 0.370 0.208 0.229 0.278 0.500 0.784 0.282 0.001 0.000 0.000 0.000 0.000 0.000 0.064 0.008 0.711 0.988 0.981 0.996 0.985 0.692 0.947 0.179 0.086 0.011 0.071 0.102 0.066 0.184)  
image_name: (0.000 0.000 0.121 0.124 0.000 0.000 0.124 0.124 0.000 0.000 0.000 0.120 0.126 0.122 0.000 0.000 0.117 0.125 0.124 0.000 0.000 0.000 0.000 0.125 0.124 0.121 0.000 0.120 0.000 0.126 0.000 0.000 0.000 0.131 0.123 0.128 0.000 0.123 0.122 0.125 0.000 0.000 0.000 0.121 0.130 0.000 0.000 0.000 0.000 0.123 0.130 0.130 0.000 0.126 0.000 0.000 0.000 0.115 0.127 0.124 0.000 0.000 0.126 0.127 0.123 0.000 0.000 0.000 0.130 0.129 0.130 0.000 0.000 0.000 0.132 0.117 0.121 0.000 0.000 0.128 0.118 0.000 0.126 0.127 0.000 0.000 0.119 0.128 0.125 0.000 0.000 0.000 0.126 0.000 0.000 0.000 0.000 0.116 0.120 0.000 0.000 0.124 0.124 0.110 0.123 0.000 0.000 0.000 0.000 0.000 0.000 0.127 0.120 0.122 0.000 0.000 0.000 0.129 0.130 0.000 0.000 0.000 0.127 0.124 0.124 0.122 0.124 0.000 0.000 0.000 0.125 0.127 0.124 0.000 0.000 0.000 0.121 0.130 0.127 0.000 0.000 0.000 0.000 0.000 0.000 0.000 0.000 0.138 0.120 0.128 0.000 0.000 0.000 0.128 0.110 0.126 0.000 0.000 0.000 0.127 0.128 0.118 0.000 0.000 0.000 0.116 0.127 0.103 0.000 0.000 0.000 0.000 0.000 0.000 0.121 0.125 0.126 0.000 0.000 0.000 0.125 0.124 0.126 0.000 0.000 0.000 0.125 0.119 0.102 0.000 0.000 0.000 0.125 0.122 0.125 0.000 0.000 0.000 0.000 0.124 0.124 0.123 0.000 0.000 0.000 0.000 0.126 0.125 0.120 0.000 0.000 0.000 0.000 0.124 0.124 0.127 0.000 0.000 0.124 0.119 0.114 0.129 0.000 0.000 0.000 0.000 0.124 0.124 0.123 0.000 0.000 0.000 0.129 0.122 0.137 0.115)  0.000 0.000 0.126 0.129 0.000 0.000 0.129 0.129 0.000 0.000 0.000 0.127 0.128 0.122 0.000 0.000 0.117 0.125 0.132 0.000 0.000 0.000 0.000 0.128 0.121 0.130 0.000 0.127 0.000 0.123 0.000 0.000 0.000 0.120 0.128 0.123 0.000 0.126 0.124 0.127 0.000 0.000 0.000 0.124 0.137 0.000 0.000 0.000 0.000 0.129 0.119 0.130 0.000 0.131 0.000 0.000 0.000 0.129 0.122 0.127 0.000 0.000 0.126 0.127 0.130 0.000 0.000 0.000 0.124 0.137 0.130 0.000 0.000 0.000 0.117 0.130 0.126 0.000 0.000 0.126 0.130 0.000 0.126 0.129 0.000 0.000 0.125 0.123 0.128 0.000 0.000 0.000 0.126 0.000 0.000 0.000 0.000 0.129 0.128 0.000 0.000 0.127 0.124 0.127 0.126 0.000 0.000 0.000 0.000 0.000 0.000 0.123 0.124 0.130 0.000 0.000 0.000 0.124 0.122 0.000 0.000 0.000 0.122 0.124 0.119 0.122 0.124 0.000 0.000 0.000 0.125 0.127 0.129 0.000 0.000 0.000 0.126 0.128 0.121 0.000 0.000 0.000 0.000 0.000 0.000 0.000 0.000 0.116 0.134 0.123 0.000 0.000 0.000 0.132 0.127 0.121 0.000 0.000 0.000 0.121 0.119 0.127 0.000 0.000 0.000 0.133 0.122 0.140 0.000 0.000 0.000 0.000 0.000 0.000 0.129 0.122 0.121 0.000 0.000 0.000 0.134 0.132 0.124 0.000 0.000 0.000 0.125 0.132 0.121 0.000 0.000 0.000 0.125 0.125 0.122 0.000 0.000 0.000 0.000 0.136 0.129 0.117 0.000 0.000 0.000 0.000 0.123 0.120 0.129 0.000 0.000 0.000 0.000 0.116 0.124 0.120 0.000 0.000 0.124 0.123 0.128 0.129 0.000 0.000 0.000 0.000 0.124 0.124 0.126 0.000 0.000 0.000 0.129 0.124 0.130 0.145)  0.000 0.000 0.126 0.121 0.000 0.000 0.127 0.124 0.000 0.000 0.000 0.133 0.128 0.116 0.000 0.000 0.122 0.127 0.124 0.000 0.000 0.000 0.000 0.122 0.124 0.121 0.000 0.120 0.000 0.126 0.000 0.000 0.000 0.120 0.133 0.128 0.000 0.123 0.124 0.122 0.000 0.000 0.000 0.127 0.119 0.000 0.000 0.000 0.000 0.123 0.130 0.123 0.000 0.123 0.000 0.000 0.000 0.122 0.127 0.124 0.000 0.000 0.130 0.119 0.125 0.000 0.000 0.000 0.124 0.129 0.125 0.000 0.000 0.000 0.128 0.117 0.123 0.000 0.000 0.126 0.130 0.000 0.122 0.124 0.000 0.000 0.125 0.125 0.131 0.000 0.000 0.000 0.121 0.000 0.000 0.000 0.000 0.126 0.122 0.000 0.000 0.124 0.127 0.127 0.126 0.000 0.000 0.000 0.000 0.000 0.000 0.127 0.124 0.126 0.000 0.000 0.000 0.124 0.132 0.000 0.000 0.000 0.122 0.124 0.124 0.125 0.121 0.000 0.000 0.000 0.134 0.132 0.127 0.000 0.000 0.000 0.121 0.128 0.127 0.000 0.000 0.000 0.000 0.000 0.000 0.000 0.000 0.109 0.120 0.119 0.000 0.000 0.000 0.128 0.127 0.126 0.000 0.000 0.000 0.127 0.128 0.132 0.000 0.000 0.000 0.116 0.122 0.140 0.000 0.000 0.000 0.000 0.000 0.000 0.125 0.125 0.124 0.000 0.000 0.000 0.116 0.120 0.124 0.000 0.000 0.000 0.125 0.124 0.135 0.000 0.000 0.000 0.122 0.125 0.129 0.000 0.000 0.000 0.000 0.124 0.124 0.130 0.000 0.000 0.000 0.000 0.126 0.127 0.129 0.000 0.000 0.000 0.000 0.129 0.127 0.127 0.000 0.000 0.124 0.123 0.118 0.114 0.000 0.000 0.000 0.000 0.111 0.122 0.129 0.000 0.000 0.000 0.122 0.124 0.122 0.115)  0.000 0.000 0.126 0.126 0.000 0.000 0.124 0.133 0.000 0.000 0.000 0.120 0.121 0.122 0.000 0.000 0.128 0.125 0.124 0.000 0.000 0.000 0.000 0.125 0.126 0.121 0.000 0.127 0.000 0.130 0.000 0.000 0.000 0.127 0.123 0.126 0.000 0.128 0.127 0.127 0.000 0.000 0.000 0.127 0.119 0.000 0.000 0.000 0.000 0.132 0.122 0.119 0.000 0.128 0.000 0.000 0.000 0.125 0.127 0.124 0.000 0.000 0.126 0.123 0.128 0.000 0.000 0.000 0.114 0.118 0.120 0.000 0.000 0.000 0.125 0.130 0.128 0.000 0.000 0.126 0.122 0.000 0.133 0.121 0.000 0.000 0.122 0.125 0.125 0.000 0.000 0.000 0.123 0.000 0.000 0.000 0.000 0.126 0.120 0.000 0.000 0.117 0.130 0.131 0.126 0.000 0.000 0.000 0.000 0.000 0.000 0.123 0.127 0.117 0.000 0.000 0.000 0.124 0.120 0.000 0.000 0.000 0.132 0.127 0.133 0.128 0.124 0.000 0.000 0.000 0.125 0.112 0.122 0.000 0.000 0.000 0.126 0.123 0.127 0.000 0.000 0.000 0.000 0.000 0.000 0.000 0.000 0.116 0.106 0.121 0.000 0.000 0.000 0.128 0.127 0.133 0.000 0.000 0.000 0.127 0.126 0.127 0.000 0.000 0.000 0.116 0.124 0.121 0.000 0.000 0.000 0.000 0.000 0.000 0.121 0.125 0.131 0.000 0.000 0.000 0.134 0.120 0.126 0.000 0.000 0.000 0.131 0.127 0.126 0.000 0.000 0.000 0.129 0.130 0.122 0.000 0.000 0.000 0.000 0.127 0.129 0.130 0.000 0.000 0.000 0.000 0.129 0.123 0.123 0.000 0.000 0.000 0.000 0.124 0.122 0.131 0.000 0.000 0.110 0.126 0.123 0.125 0.000 0.000 0.000 0.000 0.124 0.124 0.126 0.000 0.000 0.000 0.125 0.124 0.122 0.130)  0.000 0.000 0.126 0.124 0.000 0.000 0.127 0.120 0.000 0.000 0.000 0.127 0.126 0.134 0.000 0.000 0.128 0.120 0.124 0.000 0.000 0.000 0.000 0.125 0.124 0.124 0.000 0.127 0.000 0.116 0.000 0.000 0.000 0.127 0.123 0.123 0.000 0.123 0.129 0.125 0.000 0.000 0.000 0.127 0.123 0.000 0.000 0.000 0.000 0.119 0.122 0.123 0.000 0.123 0.000 0.000 0.000 0.129 0.127 0.124 0.000 0.000 0.122 0.138 0.125 0.000 0.000 0.000 0.119 0.118 0.130 0.000 0.000 0.000 0.121 0.130 0.118 0.000 0.000 0.128 0.126 0.000 0.130 0.127 0.000 0.000 0.131 0.123 0.128 0.000 0.000 0.000 0.128 0.000 0.000 0.000 0.000 0.124 0.128 0.000 0.000 0.131 0.121 0.134 0.126 0.000 0.000 0.000 0.000 0.000 0.000 0.127 0.122 0.130 0.000 0.000 0.000 0.129 0.127 0.000 0.000 0.000 0.124 0.127 0.119 0.125 0.121 0.000 0.000 0.000 0.125 0.132 0.122 0.000 0.000 0.000 0.129 0.128 0.124 0.000 0.000 0.000 0.000 0.000 0.000 0.000 0.000 0.123 0.125 0.128 0.000 0.000 0.000 0.125 0.139 0.123 0.000 0.000 0.000 0.124 0.126 0.121 0.000 0.000 0.000 0.133 0.127 0.112 0.000 0.000 0.000 0.000 0.000 0.000 0.129 0.122 0.124 0.000 0.000 0.000 0.125 0.136 0.131 0.000 0.000 0.000 0.121 0.122 0.121 0.000 0.000 0.000 0.125 0.127 0.125 0.000 0.000 0.000 0.000 0.121 0.126 0.117 0.000 0.000 0.000 0.000 0.123 0.127 0.132 0.000 0.000 0.000 0.000 0.129 0.129 0.124 0.000 0.000 0.119 0.128 0.128 0.125 0.000 0.000 0.000 0.000 0.129 0.124 0.119 0.000 0.000 0.000 0.122 0.124 0.130 0.115)  0.128 0.126 0.000 0.000 0.128 0.107 0.000 0.000 0.129 0.126 0.135 0.000 0.000 0.000 0.125 0.120 0.000 0.000 0.000 0.125 0.127 0.127 0.123 0.000 0.000 0.000 0.114 0.000 0.126 0.000 0.128 0.124 0.126 0.000 0.000 0.000 0.124 0.000 0.000 0.000 0.126 0.123 0.120 0.000 0.000 0.121 0.118 0.126 0.125 0.000 0.000 0.000 0.126 0.000 0.124 0.126 0.122 0.000 0.000 0.000 0.151 0.122 0.000 0.000 0.000 0.131 0.132 0.131 0.000 0.000 0.000 0.129 0.129 0.127 0.000 0.000 0.000 0.133 0.128 0.000 0.000 0.120 0.000 0.000 0.127 0.128 0.000 0.000 0.000 0.132 0.116 0.124 0.000 0.120 0.125 0.124 0.120 0.000 0.000 0.123 0.125 0.000 0.000 0.000 0.000 0.120 0.127 0.125 0.112 0.124 0.115 0.000 0.000 0.000 0.129 0.112 0.114 0.000 0.000 0.118 0.131 0.128 0.000 0.000 0.000 0.000 0.000 0.120 0.122 0.123 0.000 0.000 0.000 0.124 0.130 0.126 0.000 0.000 0.000 0.126 0.133 0.124 0.119 0.123 0.127 0.125 0.141 0.000 0.000 0.000 0.123 0.118 0.121 0.000 0.000 0.000 0.121 0.125 0.126 0.000 0.000 0.000 0.124 0.130 0.120 0.000 0.000 0.000 0.114 0.137 0.121 0.111 0.124 0.137 0.000 0.000 0.000 0.134 0.123 0.132 0.000 0.000 0.000 0.129 0.124 0.128 0.000 0.000 0.000 0.124 0.130 0.125 0.000 0.000 0.000 0.131 0.127 0.125 0.122 0.000 0.000 0.000 0.128 0.129 0.139 0.129 0.000 0.000 0.000 0.116 0.128 0.119 0.126 0.000 0.000 0.000 0.126 0.128 0.000 0.000 0.000 0.000 0.130 0.127 0.123 0.117 0.000 0.000 0.000 0.126 0.126 0.127 0.000 0.000 0.000 0.000)  0.179 0.128 0.000 0.000 0.122 0.125 0.000 0.000 0.129 0.113 0.123 0.000 0.000 0.000 0.118 0.120 0.000 0.000 0.000 0.128 0.123 0.124 0.126 0.000 0.000 0.000 0.125 0.000 0.126 0.000 0.128 0.124 0.135 0.000 0.000 0.000 0.121 0.000 0.000 0.000 0.126 0.126 0.125 0.000 0.000 0.124 0.118 0.123 0.125 0.000 0.000 0.000 0.128 0.000 0.124 0.121 0.133 0.000 0.000 0.000 0.137 0.124 0.000 0.000 0.000 0.127 0.122 0.124 0.000 0.000 0.000 0.129 0.124 0.136 0.000 0.000 0.000 0.122 0.126 0.000 0.000 0.120 0.000 0.000 0.127 0.128 0.000 0.000 0.000 0.132 0.127 0.127 0.000 0.120 0.122 0.127 0.123 0.000 0.000 0.131 0.122 0.000 0.000 0.000 0.000 0.127 0.122 0.125 0.121 0.124 0.135 0.000 0.000 0.000 0.122 0.126 0.128 0.000 0.000 0.124 0.121 0.125 0.000 0.000 0.000 0.000 0.000 0.128 0.120 0.123 0.000 0.000 0.000 0.121 0.123 0.124 0.000 0.000 0.000 0.123 0.124 0.122 0.126 0.125 0.124 0.128 0.098 0.000 0.000 0.000 0.130 0.122 0.121 0.000 0.000 0.000 0.126 0.122 0.123 0.000 0.000 0.000 0.119 0.123 0.138 0.000 0.000 0.000 0.139 0.128 0.123 0.136 0.133 0.128 0.000 0.000 0.000 0.130 0.123 0.132 0.000 0.000 0.000 0.126 0.127 0.126 0.000 0.000 0.000 0.127 0.124 0.127 0.000 0.000 0.000 0.118 0.127 0.130 0.129 0.000 0.000 0.000 0.125 0.119 0.130 0.123 0.000 0.000 0.000 0.147 0.122 0.124 0.129 0.000 0.000 0.000 0.123 0.125 0.000 0.000 0.000 0.000 0.130 0.129 0.132 0.128 0.000 0.000 0.000 0.119 0.129 0.124 0.000 0.000 0.000 0.000)  0.154 0.123 0.000 0.000 0.128 0.143 0.000 0.000 0.126 0.126 0.148 0.000 0.000 0.000 0.123 0.132 0.000 0.000 0.000 0.120 0.131 0.122 0.130 0.000 0.000 0.000 0.136 0.000 0.126 0.000 0.128 0.129 0.122 0.000 0.000 0.000 0.126 0.000 0.000 0.000 0.126 0.123 0.120 0.000 0.000 0.124 0.123 0.119 0.122 0.000 0.000 0.000 0.123 0.000 0.113 0.123 0.118 0.000 0.000 0.000 0.110 0.127 0.000 0.000 0.000 0.131 0.124 0.138 0.000 0.000 0.000 0.129 0.127 0.114 0.000 0.000 0.000 0.122 0.123 0.000 0.000 0.125 0.000 0.000 0.127 0.121 0.000 0.000 0.000 0.125 0.127 0.124 0.000 0.126 0.118 0.129 0.127 0.000 0.000 0.121 0.115 0.000 0.000 0.000 0.000 0.124 0.122 0.130 0.135 0.122 0.140 0.000 0.000 0.000 0.127 0.126 0.128 0.000 0.000 0.124 0.126 0.128 0.000 0.000 0.000 0.000 0.000 0.128 0.130 0.132 0.000 0.000 0.000 0.115 0.125 0.126 0.000 0.000 0.000 0.126 0.130 0.122 0.126 0.128 0.127 0.128 0.141 0.000 0.000 0.000 0.127 0.125 0.126 0.000 0.000 0.000 0.121 0.122 0.120 0.000 0.000 0.000 0.129 0.123 0.124 0.000 0.000 0.000 0.165 0.128 0.126 0.136 0.114 0.137 0.000 0.000 0.000 0.123 0.125 0.127 0.000 0.000 0.000 0.123 0.124 0.123 0.000 0.000 0.000 0.124 0.121 0.127 0.000 0.000 0.000 0.127 0.122 0.125 0.122 0.000 0.000 0.000 0.119 0.122 0.135 0.132 0.000 0.000 0.000 0.105 0.128 0.126 0.122 0.000 0.000 0.000 0.123 0.122 0.000 0.000 0.000 0.000 0.118 0.124 0.132 0.128 0.000 0.000 0.000 0.130 0.129 0.127 0.000 0.000 0.000 0.000)  0.051 0.123 0.000 0.000 0.117 0.116 0.000 0.000 0.119 0.146 0.110 0.000 0.000 0.000 0.125 0.116 0.000 0.000 0.000 0.128 0.123 0.122 0.119 0.000 0.000 0.000 0.114 0.000 0.126 0.000 0.128 0.122 0.122 0.000 0.000 0.000 0.121 0.000 0.000 0.000 0.121 0.126 0.122 0.000 0.000 0.127 0.127 0.123 0.122 0.000 0.000 0.000 0.121 0.000 0.124 0.119 0.125 0.000 0.000 0.000 0.130 0.122 0.000 0.000 0.000 0.117 0.127 0.131 0.000 0.000 0.000 0.122 0.127 0.127 0.000 0.000 0.000 0.129 0.123 0.000 0.000 0.125 0.000 0.000 0.124 0.124 0.000 0.000 0.000 0.118 0.122 0.124 0.000 0.129 0.129 0.124 0.120 0.000 0.000 0.121 0.125 0.000 0.000 0.000 0.000 0.120 0.127 0.130 0.126 0.127 0.120 0.000 0.000 0.000 0.127 0.126 0.141 0.000 0.000 0.130 0.123 0.128 0.000 0.000 0.000 0.000 0.000 0.128 0.125 0.114 0.000 0.000 0.000 0.130 0.123 0.124 0.000 0.000 0.000 0.121 0.124 0.124 0.129 0.125 0.122 0.128 0.130 0.000 0.000 0.000 0.117 0.122 0.126 0.000 0.000 0.000 0.132 0.125 0.129 0.000 0.000 0.000 0.129 0.125 0.129 0.000 0.000 0.000 0.139 0.103 0.126 0.099 0.124 0.128 0.000 0.000 0.000 0.130 0.125 0.127 0.000 0.000 0.000 0.118 0.124 0.123 0.000 0.000 0.000 0.124 0.121 0.125 0.000 0.000 0.000 0.127 0.127 0.120 0.116 0.000 0.000 0.000 0.128 0.124 0.109 0.126 0.000 0.000 0.000 0.126 0.122 0.126 0.133 0.000 0.000 0.000 0.129 0.128 0.000 0.000 0.000 0.000 0.122 0.124 0.110 0.124 0.000 0.000 0.000 0.119 0.121 0.127 0.000 0.000 0.000 0.000)  0.154 0.123 0.000 0.000 0.128 0.125 0.000 0.000 0.121 0.113 0.135 0.000 0.000 0.000 0.130 0.128 0.000 0.000 0.000 0.128 0.123 0.129 0.119 0.000 0.000 0.000 0.136 0.000 0.123 0.000 0.128 0.124 0.122 0.000 0.000 0.000 0.124 0.000 0.000 0.000 0.126 0.128 0.130 0.000 0.000 0.127 0.132 0.133 0.133 0.000 0.000 0.000 0.123 0.000 0.135 0.126 0.125 0.000 0.000 0.000 0.110 0.124 0.000 0.000 0.000 0.113 0.124 0.117 0.000 0.000 0.000 0.114 0.119 0.132 0.000 0.000 0.000 0.122 0.133 0.000 0.000 0.130 0.000 0.000 0.124 0.128 0.000 0.000 0.000 0.121 0.127 0.127 0.000 0.129 0.125 0.127 0.127 0.000 0.000 0.128 0.125 0.000 0.000 0.000 0.000 0.135 0.122 0.120 0.135 0.124 0.120 0.000 0.000 0.000 0.124 0.141 0.128 0.000 0.000 0.130 0.126 0.115 0.000 0.000 0.000 0.000 0.000 0.124 0.128 0.132 0.000 0.000 0.000 0.127 0.123 0.124 0.000 0.000 0.000 0.129 0.130 0.127 0.122 0.128 0.119 0.121 0.098 0.000 0.000 0.000 0.123 0.122 0.126 0.000 0.000 0.000 0.118 0.127 0.138 0.000 0.000 0.000 0.127 0.123 0.115 0.000 0.000 0.000 0.114 0.128 0.119 0.136 0.105 0.120 0.000 0.000 0.000 0.115 0.123 0.122 0.000 0.000 0.000 0.121 0.117 0.126 0.000 0.000 0.000 0.127 0.127 0.123 0.000 0.000 0.000 0.127 0.132 0.128 0.129 0.000 0.000 0.000 0.125 0.129 0.122 0.117 0.000 0.000 0.000 0.095 0.111 0.124 0.129 0.000 0.000 0.000 0.126 0.128 0.000 0.000 0.000 0.000 0.122 0.124 0.123 0.120 0.000 0.000 0.000 0.126 0.124 0.124 0.000 0.000 0.000 0.000)  0.077 0.119 0.000 0.000 0.128 0.125 0.000 0.000 0.124 0.126 0.116 0.000 0.000 0.000 0.127 0.128 0.000 0.000 0.000 0.123 0.123 0.124 0.126 0.000 0.000 0.000 0.119 0.000 0.121 0.000 0.115 0.124 0.117 0.000 0.000 0.000 0.131 0.000 0.000 0.000 0.123 0.121 0.130 0.000 0.000 0.130 0.132 0.119 0.125 0.000 0.000 0.000 0.126 0.000 0.124 0.128 0.118 0.000 0.000 0.000 0.130 0.132 0.000 0.000 0.000 0.127 0.122 0.110 0.000 0.000 0.000 0.129 0.124 0.118 0.000 0.000 0.000 0.126 0.128 0.000 0.000 0.130 0.000 0.000 0.119 0.128 0.000 0.000 0.000 0.118 0.127 0.124 0.000 0.123 0.129 0.122 0.127 0.000 0.000 0.128 0.132 0.000 0.000 0.000 0.000 0.124 0.132 0.120 0.121 0.129 0.135 0.000 0.000 0.000 0.122 0.121 0.141 0.000 0.000 0.124 0.123 0.118 0.000 0.000 0.000 0.000 0.000 0.120 0.128 0.118 0.000 0.000 0.000 0.124 0.123 0.126 0.000 0.000 0.000 0.123 0.121 0.127 0.122 0.125 0.124 0.121 0.109 0.000 0.000 0.000 0.127 0.137 0.123 0.000 0.000 0.000 0.129 0.130 0.123 0.000 0.000 0.000 0.129 0.123 0.134 0.000 0.000 0.000 0.127 0.120 0.126 0.136 0.124 0.128 0.000 0.000 0.000 0.126 0.123 0.122 0.000 0.000 0.000 0.129 0.131 0.123 0.000 0.000 0.000 0.121 0.130 0.120 0.000 0.000 0.000 0.122 0.112 0.120 0.136 0.000 0.000 0.000 0.122 0.127 0.126 0.123 0.000 0.000 0.000 0.137 0.128 0.126 0.133 0.000 0.000 0.000 0.123 0.125 0.000 0.000 0.000 0.000 0.130 0.122 0.132 0.124 0.000 0.000 0.000 0.130 0.124 0.124 0.000 0.000 0.000 0.000)  0.000 0.000 0.126 0.124 0.000 0.000 0.124 0.124 0.000 0.000 0.000 0.127 0.123 0.128 0.000 0.000 0.128 0.125 0.124 0.000 0.000 0.000 0.000 0.125 0.121 0.127 0.000 0.127 0.000 0.130 0.000 0.000 0.000 0.127 0.123 0.126 0.000 0.126 0.124 0.125 0.000 0.000 0.000 0.124 0.123 0.000 0.000 0.000 0.000 0.129 0.126 0.116 0.000 0.123 0.000 0.000 0.000 0.140 0.125 0.124 0.000 0.000 0.118 0.123 0.123 0.000 0.000 0.000 0.130 0.122 0.122 0.000 0.000 0.000 0.125 0.126 0.128 0.000 0.000 0.121 0.130 0.000 0.126 0.121 0.000 0.000 0.122 0.125 0.122 0.000 0.000 0.000 0.128 0.000 0.000 0.000 0.000 0.126 0.128 0.000 0.000 0.124 0.130 0.124 0.123 0.000 0.000 0.000 0.000 0.000 0.000 0.127 0.129 0.122 0.000 0.000 0.000 0.124 0.117 0.000 0.000 0.000 0.127 0.127 0.124 0.128 0.127 0.000 0.000 0.000 0.121 0.122 0.120 0.000 0.000 0.000 0.124 0.123 0.127 0.000 0.000 0.000 0.000 0.000 0.000 0.000 0.000 0.116 0.134 0.128 0.000 0.000 0.000 0.125 0.127 0.123 0.000 0.000 0.000 0.127 0.123 0.127 0.000 0.000 0.000 0.133 0.124 0.140 0.000 0.000 0.000 0.000 0.000 0.000 0.121 0.129 0.121 0.000 0.000 0.000 0.112 0.120 0.126 0.000 0.000 0.000 0.121 0.127 0.130 0.000 0.000 0.000 0.122 0.122 0.125 0.000 0.000 0.000 0.000 0.121 0.126 0.117 0.000 0.000 0.000 0.000 0.126 0.125 0.117 0.000 0.000 0.000 0.000 0.129 0.129 0.124 0.000 0.000 0.133 0.131 0.128 0.125 0.000 0.000 0.000 0.000 0.133 0.127 0.126 0.000 0.000 0.000 0.125 0.124 0.122 0.130)  0.000 0.000 0.121 0.124 0.000 0.000 0.119 0.120 0.000 0.000 0.000 0.127 0.123 0.128 0.000 0.000 0.128 0.127 0.124 0.000 0.000 0.000 0.000 0.128 0.131 0.130 0.000 0.127 0.000 0.130 0.000 0.000 0.000 0.124 0.123 0.123 0.000 0.126 0.129 0.127 0.000 0.000 0.000 0.127 0.123 0.000 0.000 0.000 0.000 0.126 0.126 0.130 0.000 0.121 0.000 0.000 0.000 0.118 0.122 0.127 0.000 0.000 0.130 0.123 0.125 0.000 0.000 0.000 0.130 0.122 0.120 0.000 0.000 0.000 0.128 0.121 0.131 0.000 0.000 0.121 0.122 0.000 0.122 0.121 0.000 0.000 0.128 0.118 0.122 0.000 0.000 0.000 0.123 0.000 0.000 0.000 0.000 0.129 0.128 0.000 0.000 0.127 0.127 0.124 0.123 0.000 0.000 0.000 0.000 0.000 0.000 0.131 0.129 0.122 0.000 0.000 0.000 0.129 0.125 0.000 0.000 0.000 0.124 0.127 0.130 0.125 0.130 0.000 0.000 0.000 0.134 0.127 0.132 0.000 0.000 0.000 0.129 0.120 0.118 0.000 0.000 0.000 0.000 0.000 0.000 0.000 0.000 0.152 0.134 0.126 0.000 0.000 0.000 0.117 0.127 0.126 0.000 0.000 0.000 0.124 0.126 0.124 0.000 0.000 0.000 0.133 0.132 0.140 0.000 0.000 0.000 0.000 0.000 0.000 0.129 0.129 0.131 0.000 0.000 0.000 0.125 0.120 0.121 0.000 0.000 0.000 0.128 0.124 0.140 0.000 0.000 0.000 0.125 0.122 0.129 0.000 0.000 0.000 0.000 0.124 0.121 0.130 0.000 0.000 0.000 0.000 0.120 0.125 0.126 0.000 0.000 0.000 0.000 0.124 0.124 0.124 0.000 0.000 0.138 0.128 0.137 0.122 0.000 0.000 0.000 0.000 0.120 0.127 0.129 0.000 0.000 0.000 0.129 0.124 0.130 0.115)  0.103 0.128 0.000 0.000 0.122 0.125 0.000 0.000 0.126 0.126 0.123 0.000 0.000 0.000 0.127 0.128 0.000 0.000 0.000 0.125 0.127 0.127 0.126 0.000 0.000 0.000 0.125 0.000 0.123 0.000 0.120 0.124 0.122 0.000 0.000 0.000 0.129 0.000 0.000 0.000 0.126 0.128 0.125 0.000 0.000 0.124 0.118 0.126 0.125 0.000 0.000 0.000 0.126 0.000 0.124 0.126 0.129 0.000 0.000 0.000 0.110 0.122 0.000 0.000 0.000 0.136 0.122 0.124 0.000 0.000 0.000 0.118 0.122 0.118 0.000 0.000 0.000 0.129 0.121 0.000 0.000 0.120 0.000 0.000 0.127 0.121 0.000 0.000 0.000 0.136 0.127 0.122 0.000 0.123 0.129 0.122 0.123 0.000 0.000 0.123 0.128 0.000 0.000 0.000 0.000 0.120 0.122 0.115 0.121 0.120 0.120 0.000 0.000 0.000 0.124 0.131 0.107 0.000 0.000 0.124 0.121 0.128 0.000 0.000 0.000 0.000 0.000 0.124 0.125 0.127 0.000 0.000 0.000 0.130 0.128 0.124 0.000 0.000 0.000 0.123 0.118 0.127 0.126 0.125 0.127 0.121 0.152 0.000 0.000 0.000 0.123 0.129 0.126 0.000 0.000 0.000 0.126 0.125 0.123 0.000 0.000 0.000 0.119 0.125 0.111 0.000 0.000 0.000 0.114 0.120 0.133 0.111 0.133 0.094 0.000 0.000 0.000 0.115 0.130 0.127 0.000 0.000 0.000 0.126 0.124 0.126 0.000 0.000 0.000 0.124 0.119 0.125 0.000 0.000 0.000 0.127 0.122 0.123 0.109 0.000 0.000 0.000 0.128 0.129 0.117 0.126 0.000 0.000 0.000 0.126 0.133 0.126 0.115 0.000 0.000 0.000 0.123 0.118 0.000 0.000 0.000 0.000 0.126 0.127 0.128 0.124 0.000 0.000 0.000 0.119 0.124 0.127 0.000 0.000 0.000 0.000)  0.154 0.128 0.000 0.000 0.128 0.134 0.000 0.000 0.126 0.126 0.110 0.000 0.000 0.000 0.125 0.128 0.000 0.000 0.000 0.123 0.123 0.124 0.130 0.000 0.000 0.000 0.131 0.000 0.131 0.000 0.124 0.129 0.135 0.000 0.000 0.000 0.124 0.000 0.000 0.000 0.126 0.126 0.128 0.000 0.000 0.124 0.132 0.130 0.122 0.000 0.000 0.000 0.126 0.000 0.131 0.131 0.129 0.000 0.000 0.000 0.123 0.127 0.000 0.000 0.000 0.117 0.127 0.124 0.000 0.000 0.000 0.129 0.127 0.127 0.000 0.000 0.000 0.115 0.118 0.000 0.000 0.130 0.000 0.000 0.124 0.124 0.000 0.000 0.000 0.118 0.127 0.129 0.000 0.132 0.122 0.127 0.133 0.000 0.000 0.126 0.128 0.000 0.000 0.000 0.000 0.131 0.127 0.135 0.130 0.129 0.115 0.000 0.000 0.000 0.124 0.117 0.114 0.000 0.000 0.127 0.128 0.128 0.000 0.000 0.000 0.000 0.000 0.128 0.122 0.132 0.000 0.000 0.000 0.130 0.125 0.126 0.000 0.000 0.000 0.129 0.118 0.127 0.129 0.120 0.130 0.128 0.130 0.000 0.000 0.000 0.130 0.125 0.131 0.000 0.000 0.000 0.126 0.125 0.120 0.000 0.000 0.000 0.122 0.128 0.129 0.000 0.000 0.000 0.089 0.137 0.126 0.136 0.143 0.128 0.000 0.000 0.000 0.126 0.128 0.111 0.000 0.000 0.000 0.129 0.131 0.123 0.000 0.000 0.000 0.127 0.127 0.127 0.000 0.000 0.000 0.122 0.132 0.128 0.136 0.000 0.000 0.000 0.125 0.122 0.122 0.126 0.000 0.000 0.000 0.147 0.128 0.129 0.112 0.000 0.000 0.000 0.129 0.125 0.000 0.000 0.000 0.000 0.122 0.122 0.119 0.135 0.000 0.000 0.000 0.130 0.124 0.120 0.000 0.000 0.000 0.000)  0.000 0.000 0.126 0.129 0.000 0.000 0.124 0.124 0.000 0.000 0.000 0.120 0.123 0.128 0.000 0.000 0.133 0.125 0.124 0.000 0.000 0.000 0.000 0.122 0.129 0.124 0.000 0.124 0.000 0.119 0.000 0.000 0.000 0.124 0.123 0.123 0.000 0.123 0.122 0.122 0.000 0.000 0.000 0.124 0.126 0.000 0.000 0.000 0.000 0.119 0.126 0.130 0.000 0.123 0.000 0.000 0.000 0.122 0.122 0.127 0.000 0.000 0.122 0.119 0.120 0.000 0.000 0.000 0.130 0.125 0.125 0.000 0.000 0.000 0.125 0.130 0.126 0.000 0.000 0.123 0.122 0.000 0.115 0.129 0.000 0.000 0.125 0.133 0.122 0.000 0.000 0.000 0.126 0.000 0.000 0.000 0.000 0.124 0.125 0.000 0.000 0.127 0.117 0.124 0.126 0.000 0.000 0.000 0.000 0.000 0.000 0.115 0.124 0.130 0.000 0.000 0.000 0.118 0.127 0.000 0.000 0.000 0.122 0.121 0.127 0.125 0.130 0.000 0.000 0.000 0.112 0.122 0.124 0.000 0.000 0.000 0.124 0.120 0.127 0.000 0.000 0.000 0.000 0.000 0.000 0.000 0.000 0.130 0.125 0.126 0.000 0.000 0.000 0.117 0.116 0.123 0.000 0.000 0.000 0.124 0.123 0.124 0.000 0.000 0.000 0.122 0.124 0.103 0.000 0.000 0.000 0.000 0.000 0.000 0.125 0.122 0.121 0.000 0.000 0.000 0.129 0.128 0.121 0.000 0.000 0.000 0.125 0.127 0.126 0.000 0.000 0.000 0.125 0.127 0.122 0.000 0.000 0.000 0.000 0.121 0.121 0.136 0.000 0.000 0.000 0.000 0.126 0.127 0.123 0.000 0.000 0.000 0.000 0.124 0.122 0.124 0.000 0.000 0.128 0.121 0.123 0.129 0.000 0.000 0.000 0.000 0.133 0.127 0.123 0.000 0.000 0.000 0.118 0.132 0.107 0.137)  
trial_outcome: (0.744 0.000 0.574 0.000 0.330 0.634 0.000 0.542 0.000 0.523 0.439 0.416 0.000 0.453 0.000 0.240 0.356 0.000 0.667 0.000 0.512 0.000 0.505 0.478 0.000 0.225 0.744 0.701 0.000 0.406 0.530 0.000 0.696 0.551 0.795 0.000 0.015 0.003 0.000 0.000 0.005 0.000 0.000 0.213 0.354 0.274 0.377 0.205 0.347 0.311 0.333 0.235 0.000 0.000 0.464 0.000 0.294 0.305 0.000 0.323 0.507 0.000 0.555 0.560 0.000 0.587 0.000 0.621 0.762 0.578 0.000 0.548 0.000 0.513 0.581 0.697 0.000 0.322 0.000 0.000 0.252 0.418 0.252 0.047 0.138 0.462 0.422 0.000 0.161 0.246 0.497 0.000 0.000 0.099 0.197 0.000 0.037 0.013 0.044 0.000 0.286 0.230 0.235 0.299 0.000 0.243 0.481 0.445 0.698 0.000 0.640 0.579 0.000 0.543 0.000 0.655 0.779 0.844 0.000 0.101 0.000 0.319 0.000 0.328 0.011 0.003 0.068 0.460 0.000 0.518 0.573 0.527 0.000 0.286 0.000 0.084 0.191 0.000 0.321 0.029 0.036 0.011 0.101 0.000 0.005 0.082 0.609 0.768 0.458 0.000 0.527 0.517 0.000 0.724 0.775 0.000 0.348 0.000 0.344 0.029 0.000 0.231 0.000 0.000 0.438 0.398 0.000 0.804 0.709 0.590 0.000 0.716 0.514 0.607 0.319 0.229 0.000 0.454 0.000 0.608 0.732 0.581 0.000 0.044 0.189 0.000 0.174 0.000 0.428 0.159 0.082 0.000 0.116 0.000 0.219 0.328 0.405 0.000 0.599 0.071 0.000 0.630 0.158 0.000 0.252 0.096 0.151 0.000 0.149 0.684 0.306 0.000 0.126 0.442 0.000 0.351 0.283 0.215 0.505 0.000 0.351 0.347 0.267 0.000 0.335 0.158 0.329 0.000 0.154 0.297 0.000 0.275 0.267 0.000 0.634 0.756)  0.128 0.872 0.300 0.876 0.543 0.259 0.873 0.333 0.874 0.364 0.432 0.452 0.874 0.419 0.873 0.640 0.522 0.873 0.209 0.872 0.362 0.876 0.365 0.397 0.879 0.648 0.136 0.179 0.874 0.464 0.333 0.876 0.187 0.322 0.082 0.874 0.859 0.869 0.873 0.878 0.871 0.877 0.870 0.660 0.519 0.606 0.496 0.669 0.528 0.566 0.537 0.638 0.874 0.877 0.405 0.872 0.588 0.570 0.875 0.550 0.370 0.876 0.319 0.325 0.875 0.291 0.873 0.241 0.119 0.297 0.878 0.319 0.876 0.364 0.291 0.173 0.874 0.545 0.874 0.874 0.618 0.457 0.626 0.829 0.738 0.414 0.453 0.875 0.717 0.625 0.376 0.871 0.877 0.775 0.688 0.873 0.836 0.863 0.831 0.872 0.586 0.643 0.642 0.581 0.874 0.629 0.392 0.435 0.181 0.876 0.235 0.298 0.878 0.330 0.873 0.218 0.094 0.032 0.875 0.775 0.874 0.556 0.873 0.545 0.865 0.867 0.808 0.416 0.875 0.355 0.306 0.361 0.871 0.587 0.877 0.789 0.683 0.872 0.555 0.842 0.837 0.865 0.766 0.877 0.865 0.790 0.283 0.094 0.421 0.869 0.343 0.354 0.872 0.152 0.110 0.874 0.523 0.875 0.530 0.844 0.867 0.645 0.876 0.875 0.433 0.475 0.871 0.065 0.177 0.291 0.879 0.160 0.352 0.274 0.556 0.649 0.874 0.420 0.877 0.270 0.147 0.287 0.876 0.841 0.684 0.874 0.695 0.878 0.442 0.717 0.794 0.873 0.759 0.870 0.658 0.541 0.468 0.872 0.286 0.802 0.874 0.253 0.711 0.871 0.626 0.778 0.726 0.873 0.728 0.200 0.572 0.876 0.745 0.430 0.873 0.517 0.585 0.660 0.372 0.874 0.521 0.531 0.603 0.881 0.533 0.722 0.542 0.876 0.723 0.569 0.874 0.598 0.608 0.873 0.244 0.122)  0.128 0.000 0.042 0.000 0.021 0.027 0.000 0.022 0.000 0.099 0.071 0.048 0.000 0.041 0.000 0.017 0.028 0.000 0.023 0.000 0.012 0.000 0.027 0.010 0.000 0.006 0.040 0.008 0.000 0.003 0.030 0.000 0.026 0.037 0.026 0.000 0.000 0.003 0.000 0.000 0.000 0.000 0.000 0.013 0.007 0.029 0.044 0.010 0.022 0.023 0.007 0.020 0.000 0.000 0.007 0.000 0.022 0.014 0.000 0.032 0.055 0.002 0.012 0.011 0.000 0.019 0.000 0.062 0.043 0.019 0.000 0.023 0.000 0.009 0.026 0.030 0.000 0.024 0.000 0.000 0.016 0.054 0.030 0.005 0.000 0.031 0.003 0.000 0.009 0.036 0.053 0.000 0.000 0.009 0.007 0.000 0.000 0.005 0.003 0.000 0.026 0.010 0.020 0.014 0.000 0.041 0.058 0.040 0.037 0.000 0.035 0.004 0.000 0.017 0.000 0.044 0.081 0.048 0.000 0.012 0.000 0.014 0.000 0.012 0.000 0.000 0.000 0.016 0.000 0.027 0.026 0.020 0.000 0.006 0.000 0.000 0.008 0.000 0.006 0.011 0.009 0.000 0.007 0.000 0.000 0.008 0.033 0.036 0.023 0.000 0.020 0.023 0.000 0.027 0.012 0.000 0.003 0.000 0.009 0.005 0.000 0.000 0.000 0.000 0.037 0.011 0.000 0.065 0.051 0.060 0.000 0.099 0.048 0.051 0.028 0.014 0.000 0.022 0.000 0.037 0.004 0.031 0.000 0.005 0.010 0.000 0.003 0.000 0.037 0.013 0.006 0.000 0.006 0.000 0.016 0.061 0.034 0.000 0.054 0.003 0.000 0.056 0.012 0.000 0.035 0.012 0.009 0.000 0.006 0.084 0.028 0.000 0.014 0.016 0.000 0.050 0.016 0.017 0.009 0.000 0.043 0.018 0.023 0.000 0.035 0.008 0.018 0.000 0.016 0.037 0.000 0.024 0.020 0.000 0.069 0.038)  0.000 0.128 0.084 0.124 0.106 0.080 0.127 0.102 0.126 0.013 0.058 0.084 0.126 0.087 0.127 0.103 0.094 0.127 0.101 0.128 0.115 0.124 0.102 0.115 0.121 0.121 0.080 0.112 0.126 0.126 0.107 0.124 0.091 0.090 0.097 0.126 0.126 0.126 0.127 0.122 0.123 0.123 0.130 0.114 0.119 0.091 0.083 0.116 0.103 0.099 0.122 0.106 0.126 0.123 0.124 0.128 0.097 0.111 0.125 0.096 0.068 0.122 0.114 0.104 0.125 0.103 0.127 0.076 0.076 0.106 0.122 0.110 0.124 0.114 0.102 0.100 0.126 0.108 0.126 0.126 0.114 0.071 0.093 0.119 0.124 0.093 0.122 0.125 0.112 0.093 0.074 0.129 0.123 0.117 0.108 0.127 0.127 0.118 0.122 0.128 0.102 0.117 0.104 0.107 0.126 0.086 0.069 0.080 0.084 0.124 0.090 0.119 0.122 0.109 0.127 0.083 0.047 0.075 0.125 0.112 0.126 0.111 0.127 0.115 0.124 0.130 0.124 0.108 0.125 0.100 0.095 0.093 0.129 0.121 0.123 0.126 0.118 0.128 0.118 0.118 0.118 0.124 0.126 0.123 0.130 0.121 0.076 0.101 0.097 0.131 0.110 0.106 0.128 0.097 0.104 0.126 0.126 0.125 0.117 0.121 0.133 0.124 0.124 0.125 0.092 0.116 0.129 0.065 0.063 0.060 0.121 0.025 0.086 0.068 0.097 0.108 0.126 0.104 0.123 0.085 0.116 0.101 0.124 0.110 0.117 0.126 0.128 0.122 0.093 0.111 0.119 0.127 0.119 0.130 0.107 0.070 0.093 0.128 0.061 0.124 0.126 0.062 0.119 0.129 0.087 0.114 0.114 0.127 0.117 0.032 0.094 0.124 0.115 0.112 0.127 0.081 0.116 0.108 0.115 0.126 0.085 0.103 0.107 0.119 0.097 0.113 0.111 0.124 0.107 0.097 0.126 0.104 0.106 0.127 0.053 0.084)  
Brain region: VISp_375um: 8718 neurons, VISp_175um: 32110 neurons, VISp_290um: 78 neurons, VISp_275um: 484 neurons  
Training on 56907 trials, testing on 14335 trials
Using balanced loss with class weights:
  Output 0: [0.199781   0.20035073 0.19912215 0.19957024 0.20117588]
  Output 1: [0.20039478 0.19971903 0.1999143  0.19946177 0.20051011]
  Output 2: [0.06406934 0.06281947 0.06310493 0.0635562  0.06401397 0.06178879
 0.06143004 0.06105866 0.06102512 0.06104189 0.06172013 0.0647414
 0.06335685 0.06099162 0.06100837 0.06427321]
  Output 3: [0.05136056 0.0143938  0.8478384  0.08640724]
Epoch [1/200], Loss: 1.863890
Epoch [2/200], Loss: 1.860319
Epoch [3/200], Loss: 1.856843
Epoch [4/200], Loss: 1.853415
Epoch [5/200], Loss: 1.850017
Epoch [6/200], Loss: 1.846630
Epoch [7/200], Loss: 1.843249
Epoch [8/200], Loss: 1.839868
Epoch [9/200], Loss: 1.836491
Epoch [10/200], Loss: 1.833114
Epoch [20/200], Loss: 1.799401
Epoch [30/200], Loss: 1.765471
Epoch [40/200], Loss: 1.730891
Epoch [50/200], Loss: 1.695994
Epoch [60/200], Loss: 1.661384
Epoch [70/200], Loss: 1.627751
Epoch [80/200], Loss: 1.595642
Epoch [90/200], Loss: 1.565442
Epoch [100/200], Loss: 1.537378
Epoch [110/200], Loss: 1.511549
Epoch [120/200], Loss: 1.487968
Epoch [130/200], Loss: 1.466582
Epoch [140/200], Loss: 1.447285
Epoch [150/200], Loss: 1.429935
Epoch [160/200], Loss: 1.414375
Epoch [170/200], Loss: 1.400443
Epoch [180/200], Loss: 1.387970
Epoch [190/200], Loss: 1.376803
Epoch [200/200], Loss: 1.366798
Test Loss: 1.551341

Training Balanced Accuracy Scores (chance = 1/num_classes):
  0 (running_speed): 0.4374  (chance: 0.2000)
  1 (pupil_diameter): 0.5211  (chance: 0.2000)
  2 (image_name): 0.4317  (chance: 0.0625)
  3 (trial_outcome): 0.6038  (chance: 0.2500)

Validation Balanced Accuracy Scores (chance = 1/num_classes):
  0 (running_speed): 0.3665  (chance: 0.2000)
  1 (pupil_diameter): 0.4523  (chance: 0.2000)
  2 (image_name): 0.3156  (chance: 0.0625)
  3 (trial_outcome): 0.3999  (chance: 0.2500)
